,495,7,0,502
SEE LICENSE IN <your-license-filename>,0,0,1,1
sblgnt.com/license,0,0,1,1
cocot,4,0,0,4
FDL-1.3,0,0,2,2
Copyright (c) ThinkNear 2014 Licensed under APLv2.0,8,0,0,8
Luigi Mattia Buffetti,0,0,5,5
Unlimited | fileLICENSE,0,1,0,1
Declaration of Independence,0,0,1,1
BSD 2-Clause license,18,0,5,23
OC,0,0,2,2
SEE LICENSE IN https://developers.google.com/terms,0,0,2,2
GFD Dennou Club,13,0,0,13
emao-fe,0,0,12,12
GPL (&ge; 3.0),0,21,0,21
MIT License - http://opensource.org/licenses/MIT,0,0,233,233
Mit license,0,0,25,25
CPOL-1.02,0,0,53,53
NPL,1,0,1,2
GPLv2 & MIT,1,0,0,1
https://github.com/cloud-fe/wowbuilder/blob/master/LICENSE,0,0,49,49
gasgasgas,0,0,1,1
RIDL,4,0,0,4
Not for pulic,0,0,1,1
Open-Source,10,0,0,10
GNUv3,23,0,6,29
UNLICENSED,67,0,7732,7799
MIT/BSD,1,0,3,4
AGPLv3 with linking exception,0,0,11,11
SEE LICENSE IN license.text,0,0,9,9
https://www.highcharts.com/license,0,0,35,35
GPL-2.0 for non-profit,0,0,3,3
OSL-3.0,72,0,52,124
TODO choose a license,1,0,0,1
PD,1,0,6,7
Affero GPL3,0,0,1,1
any,2,0,0,2
Free,4,0,66,70
Seezart,0,0,1,1
SEE LICENSE IN http://polymer.github.io/LICENSE.txt,0,0,3,3
MIT OR BSL-1.0,0,0,1,1
Eclipse,0,0,28,28
The Apache License Version 2.0. See LICENSE.txt,1,0,0,1
ly000001,0,0,7,7
MPL,14,0,584,598
SEE LICENSE in LICENSE.md,0,0,157,157
MIT License (MIT),1,0,176,177
LicenseRef-LICENSE.txt,0,0,8,8
MACOS 10.7,0,0,1,1
Simple from Marco Ceresa,2,0,0,2
a-voir,0,0,1,1
GPL-2|GPL-3| fileLICENCE[expanded from: GPL (&ge; 2) | file LICENCE],0,9,0,9
GNU GENERAL PUBLIC LICENSE V3,0,0,7,7
copyright 2014,3,0,0,3
UNIT27-license,0,0,4,4
GPL-1.0+,0,0,19,19
SurePower Innovation Enterprise License,0,0,16,16
boost,0,0,2,2
Microsoft Public License (Ms-PL),0,0,15,15
MIT| fileLICENSE,0,1,0,1
AFL/BSD,0,0,3,3
Ruby License,8,0,0,8
mmilleruva@gmail.com,0,0,2,2
WhateverYouWant Licencse,0,0,10,10
LLC,0,0,2,2
Eday Solutions,1,0,0,1
http://apache.org/licenses/LICENSE-2.0.html,1,0,0,1
API,0,0,1,1
SK C&C,0,0,57,57
AV,8,0,0,8
Creative Commons Namensnennung 4.0 International Lizenz.,21,0,0,21
GNU AFFERO GENERAL PUBLIC LICENSE Version 3,0,0,1,1
GPL-2|GPL-3[expanded from: GPL (&ge; 1.0)],0,1,0,1
gagahjt,0,0,1,1
MIT-LICENCE,1,0,0,1
china,0,0,8,8
GPL Lv.3,53,0,0,53
Unlicense (Public Domain),0,0,1,1
Confidential and Proprietary,0,0,2,2
Copyright (c) 2016. Haripriyaa Ganesan,0,0,1,1
X11 License,8,0,3,11
SequenceServer (custom),13,0,0,13
Proprietary license.,0,0,3,3
2-clause BSD-style license,11,0,0,11
CECILL,2,0,0,2
http://appverse.org/legal/appverse-license/,0,0,32,32
gpl-3.0,3,0,31,34
LULZ,2,0,0,2
GNU GPLv3,62,0,104,166
Apache,1246,0,3376,4622
common,0,0,1,1
WTFPL v2,3,0,0,3
MIT (http://opensource.org/licenses/MIT),1,0,0,1
ee,0,0,1,1
(MIT OR X11),0,0,5,5
(c) Helpshift Technologies Pvt. Ltd.,0,0,3,3
CC01,0,0,11,11
asl,0,0,2,2
not have,0,0,19,19
Modified BSD License,0,0,16,16
Beerware r42,0,0,17,17
see license,0,0,1,1
Apache License version 1.1|Apache License version 2.0| fileLICENSE[expanded from: Apache License | file LICENSE],0,3,0,3
3-clause (or 'modified') BSD,130,0,0,130
(BSD-3-Clause OR EPL-1.0),0,0,11,11
LGPL-3+,4,0,0,4
Apache v. 2,0,0,17,17
e,0,0,2,2
00,0,0,1,1
gpl2,0,0,3,3
GPL-2+,2,0,0,2
LGPL-3.0+,28,0,771,799
test,0,0,6,6
apachev2,94,0,26,120
SARADHI,0,0,4,4
Apache 2.0 license,0,0,2,2
BSD_3_clause+ fileLICENSE,0,86,0,86
1stdibs,0,0,2,2
LGPL-2.1+,152,0,63,215
New Relic,55,0,0,55
Apache License Version 2,5,0,7,12
(MIT OR Apache-2.0),0,0,829,829
Facebook Platform License,0,0,35,35
mit,113,0,834,947
BSD / GPL,0,0,12,12
rockstar it boyz,0,0,5,5
SEE LICENSE IN ./docs/license.md,0,0,48,48
MIT+ fileLICENSE| Unlimited,0,1,0,1
Salesforce EULA,1,0,0,1
Microsoft Office Extensible File License,0,0,4,4
CRAPL,0,0,5,5
  Apache License,0,0,1,1
Apache2.0,26,0,118,144
CC-BY-NC-SA 3.0,1,0,0,1
Copyright 2014 Joe McIlvain. All rights reserved.,3,0,0,3
MIT +no-false-attribs,0,0,23,23
AGPL,290,6,536,832
(MIT OR BSD-2-Clause OR GPL-3.0),0,0,2,2
MIT Copyright (c) 2015 Jonathan Carter,0,0,1,1
Proprietary,130,0,377,507
AGPLv3.0,0,0,10,10
SITECORE SHARED SOURCE LICENSE,0,0,5,5
EPL MIT http://www.webalys.com,0,0,8,8
as-is,0,0,1,1
CC-SA-BY-3.0,0,0,41,41
Freeware,0,0,1,1
bs,0,0,1,1
GPL-2|GPL-3|FreeBSD[expanded from: GPL (&ge; 2) | FreeBSD],0,1,0,1
RUC,2,0,0,2
OpenFin,0,0,1,1
NO LICENSE,10,0,0,10
Duck,0,0,1,1
AGPL (&ge; 3),0,5,0,5
Yagnus,0,0,1,1
http://supportkit.io/terms.html,0,0,33,33
(MIT AND BSD),0,0,8,8
Spotify Internal,0,0,1,1
Darek Biskupski,3,0,0,3
GPL v3+,43,0,1,44
SEE LICENSE IN EULA,0,0,22,22
GNU LESSER GENERAL PUBLIC LICENSE,3,0,11,14
CC-BY-NC-SA-4.0,16,0,176,192
BSD with attribution,0,0,2,2
See LICENSE,0,0,23,23
Public-domain (Unlicense),0,0,3,3
GNUGPLv3,0,0,10,10
BrowserSpy user license,0,0,1,1
Not,0,0,2,2
MPL GPL,0,0,2,2
Public Domain License,8,0,0,8
https://creativecommons.org/licenses/by-nc-sa/3.0/us/,0,0,1,1
Affero GPL v3,0,0,7,7
CC BY-SA 2.5,0,0,3,3
Redbull 11,1,0,0,1
GPL-2(see fileLICENCE),0,3,0,3
GPL-V2+,4,0,0,4
BSD 3-Clauses,0,0,4,4
straight martiniware,0,0,4,4
Mozilla Public License Version 2.0 (MPL2),5,0,0,5
https://github.com/kjirou/parry/blob/master/LICENSE,0,0,3,3
Bamboolab,40,0,0,40
Copyright (c) 2012 Takashi Toyoshima <toyoshim@gmail.com>,0,0,1,1
ask rethinkdb,0,0,1,1
WTFBPPL,2,0,0,2
GNU GPLV2,0,0,10,10
custom,4,0,10,14
NCSA,26,0,43,69
AGPL-3| fileLICENSE,0,7,0,7
GPL-2 or later,3,0,0,3
GPL-v2,150,0,25,175
SEE LICENSE IN licence.md,0,0,3,3
Mozilla Public License v. 2.0,0,0,116,116
APL/2.0,0,0,1,1
UNLICENCED,0,0,103,103
MIT GPL,0,0,1,1
GPL-2| fileLICENSE,0,33,0,33
Eclipse Public License (EPL),0,0,30,30
Hometrack,0,0,2,2
M.I.T,0,0,4,4
Qualza,0,0,2,2
See License in LICENSE,0,0,67,67
New-BSD,21,0,0,21
MIT & GPL3,0,0,4,4
New BSD License,96,0,41,137
3-Clause-BSD,0,0,13,13
Private License Version 2.0,0,0,94,94
Majac,0,0,5,5
FPL,0,0,7,7
(MIT and GPL-2.0),0,0,5,5
todo,0,0,24,24
(Apache-2.0 OR MPL-1.1),0,0,1,1
APACHE2,1050,0,104,1154
Apache2 OR MIT,0,0,1,1
http://kitak.mit-license.org/,0,0,5,5
AXS,0,0,1,1
http://mit-license.org/luizbills,0,0,1,1
Hubbard Radio LLC,0,0,3,3
SEE LICENSE IN LICENSE file,0,0,16,16
Copyright Elliot Chong 2015+,0,0,3,3
Apache v2 license,0,0,8,8
Apache License v2,55,0,24,79
SIL OFL 1.1,0,0,22,22
BSL-1.0,1,4,120,125
DWHTFYWTPL,1,0,0,1
Copyright © 2016 Udemy Inc,0,0,4,4
ELASTICSEARCH-LICENSE SOFTWARE LICENSE AGREEMENT,2,0,0,2
(GPL-3.0+ AND MIT),0,0,5,5
MIT|GPL-2,0,1,0,1
THE MIT Lincense,0,0,4,4
Refer to LICENSE file,0,0,1,1
Custom license,0,0,11,11
Commercial property,0,0,3,3
Copyright Tabcorp Pty Ltd 2013,0,0,2,2
Jibo,0,0,1,1
GPv2,0,0,1,1
GPLv2 (or later),0,0,5,5
GNU LGPL v3,2,0,0,2
GPL (>= 2),0,0,4,4
Copyright (c) 2016 Dollar Shave Club Inc.,0,0,5,5
GNU3,1,0,8,9
Closed Source,0,0,25,25
(BSD-2-Clause) MIT,0,0,43,43
licence@mahendrasengar,0,0,2,2
Mohammad Mahmoudi(@mm580486),1,0,0,1
(CC0-1.0 OR MIT),0,0,44,44
we,0,0,2,2
GPL (&ge; 3),0,516,0,516
SEE LICENCE IN LISENCE,0,0,3,3
zlib/libpng,48,0,7,55
none,247206,0,568,247774
CC-BY 4.0,1,0,4,5
EAPM,0,0,11,11
BSD,3806,11,47732,51549
SEE LICENSE,0,0,8,8
GPLv2.0,0,0,16,16
pera,0,0,1,1
NAGA,0,0,2,2
(MIT OR GPL-2.0),0,0,207,207
CC-BY-NC-SA 4.0,3,0,2,5
Copyright (c) Pivotal Software Inc.,40,0,0,40
LGPL,989,0,1637,2626
EULA,1,0,0,1
Public,0,0,30,30
MIT: http://hfm.mit-license.org,1,0,0,1
APLv2,327,0,40,367
MIT license,34,0,87,121
EPL+EDL,0,0,23,23
Comertial Open Source,0,0,1,1
EUPL-1.1,26,0,385,411
copyleft-next-0.3.1,0,0,2,2
eSpeakers,0,0,1,1
IST,0,0,6,6
SEE LICENCE IN LICENSE.txt,0,0,1,1
null;,0,0,1,1
Creative Commons 3.0,0,0,3,3
GNE (use for Good Not Evil),0,0,3,3
2013-2017,0,0,9,9
(GPL-3.0 OR LGPL-2.1),0,0,4,4
cc-by-sa,0,0,2,2
Rapid Feedback Team (RFT),0,0,1,1
(MIT OR OFL-1.1),0,0,1,1
verifi,1,0,0,1
Apache License v2.0,15,0,1763,1778
WTFP,13,0,0,13
Copyright 2014 MeZine Inc.,0,0,3,3
UPL-1.0,0,0,30,30
GNUV2,0,0,1,1
MIT (X11),0,0,11,11
agplv3,0,0,11,11
Public Domain. CC0 where applicable.,0,0,1,1
(MIT OR RUMI),0,0,70,70
MS-RL,74,0,0,74
AGPLv3,264,0,430,694
BSD 2-Clause License,3,0,4,7
Apache Licence,0,0,2,2
Modified BSD,40,0,1,41
MIC,0,0,18,18
Krailit Pongrujaporn,0,0,1,1
MIT <http://thompsonemerson.mit-license.org>,0,0,1,1
Creative Commons BY-NC-SA License 3.0,0,0,2,2
GNU GPL V3,1,0,32,33
see each plugin,3,0,0,3
You want it?  Its yours.,1,0,0,1
LICENCE.txt,3,0,0,3
none free giffo,0,0,8,8
public domain,13,0,188,201
https://github.com/Smithsonian/edanrb/blob/master/license.md,2,0,0,2
trtr,0,0,1,1
Free as in Hugs License,0,0,2,2
Clock,0,0,4,4
Pending,0,0,3,3
GPL-2.0-,0,0,1,1
Mobiquity Inc.,2,0,0,2
GPL-2|GPL-3[expanded from: GPL (&ge; 2)] (see fileLICENSE),0,9,0,9
sf,0,0,1,1
BeerWare,5,0,30,35
GNU-v3,0,0,1,1
TODO,16,0,5,21
Ruby 1.8,45,0,0,45
binarik,0,0,1,1
Creative Commons 1.0 Universal,0,0,2,2
GNU Affero General Public License version 3.0,7,0,0,7
IBM,0,0,17,17
LPGL-3,4,0,0,4
C0,0,0,3,3
GNU General Public License,11,0,88,99
apache,93,0,54,147
GNU GENERAL PUBLIC LICENSE,24,0,64,88
ODbL,0,0,13,13
Dunno,0,0,3,3
MIT-Expat,0,0,10,10
COPYRIGHT (c) 2014 TrackJS LLC ALL RIGHTS RESERVED,0,0,18,18
GNU - General Public License,9,0,0,9
SEE LICENCE IN Licence.md,0,0,4,4
UIT,0,0,1,1
MIT Copyright (c) 2015 Austin Eldridge,0,0,7,7
LGPLv2.1 or later,377,0,0,377
BSD(see fileLICENSE),0,2,0,2
MIT Lisence,0,0,7,7
GPLv2 or later,12,0,7,19
MP,0,0,7,7
Non Free,0,0,2,2
sierra sdk licence,0,0,3,3
LGPL-2|LGPL-2.1| fileLICENSE[expanded from: LGPL (&ge; 2.0 &lt; 3) | file LICENSE],0,1,0,1
all of them,5,0,0,5
LGPL + unRAR,8,0,0,8
SEE LICENSE IN LICSENSE,0,0,25,25
qwe,0,0,1,1
GNU AFFERO GENERAL PUBLIC LICENSE,5,0,15,20
(c)2013 Don Cruse,1,0,0,1
Open Source License,0,0,3,3
husor,0,0,19,19
Behnam,0,0,1,1
Copyright © Luca Di Vincenzo,0,0,3,3
SOME,1,0,0,1
ISB,0,0,2,2
YY,0,0,14,14
Apache License 2.0,7,0,4,11
two-clause BSD,7,0,0,7
Hello Kitty,0,0,1,1
See license in LICENSE.md,0,0,754,754
See license in LICENSE.TXT,0,0,1,1
bsd-2-clause,0,0,1,1
Boost,21,0,37,58
MSU,4,0,0,4
Copyright 2014 uh-sem-blee Co.,0,0,58,58
NonLicensed,0,0,3,3
GLPv2,1,0,0,1
SEE LICENSE IN copyright.txt,0,0,1,1
GPL-2,1421,2087,88,3596
CC-NC-SA-4.0,0,0,1,1
WFTPL,0,0,3,3
Apache License Version 2.0.,1,0,0,1
CBA,0,0,1,1
No license,0,0,4,4
(ISC),0,0,28,28
MIT License (Expat),2,0,0,2
Copyright (c) 2013 salesforce.com,7,0,0,7
(MIT OR CC0-1.0),0,0,13,13
Tidepool,0,0,1,1
Augmentis,0,0,1,1
GPL v2.0,24,0,1,25
Dontcare,0,0,3,3
MPL/LGPL,4,0,0,4
BSD (2-Clause),4,0,0,4
GPLv2 / GPLv3 / LGPLv3,0,0,2,2
CC-BY-NC-3.0,0,0,96,96
Ruby or LGPLv3+,25,0,0,25
http://www.featureblend.com/license.txt,0,0,1,1
LML,0,0,5,5
Copyright 2015 Workfront,0,0,6,6
CC-BY-SA 4.0,0,0,1,1
MIT AND OFL-1.1,0,0,4,4
Copyright AdeptMobile 2015,0,0,2,2
Apache V2.0,0,0,77,77
SEE LICENSE IN ORLA.txt,0,0,5,5
Unknown,3,0,0,3
IBM Copyright,0,0,1,1
Creative Commons Attribution Non-Commercial Share Alike,0,0,1,1
(ISC OR MIT),0,0,1,1
See license in LICENSE,0,0,11,11
BLT,0,0,11,11
SEE LICENSE IN NSP-LICENSE.md,0,0,2,2
sanpi,0,0,2,2
ateoa,0,0,1,1
GPL (&ge; 3.0.0),0,1,0,1
Apache License Version  2.0,0,0,6,6
(AGPL OR Commercial),0,0,1,1
GNU GPLv3 and AGPLv3,7,0,0,7
MPL V2,0,0,17,17
LICENSE SEE LICENSE,0,0,2,2
GNU v3.0,13,0,0,13
GNU GPLv3+,0,0,1,1
DWTFYWTPL,2,0,0,2
kj,0,0,1,1
Apache License V2.0 - 2014,0,0,3,3
CPL,1,1,0,2
CC0 1.0 Universal License,0,0,9,9
GPL-2|GPL-2|GPL-3|GPL-3[expanded from: GPL-2 | GPL (&ge; 2) | GPL-3],0,1,0,1
CeCILL-B,6,0,0,6
ISCsad,0,0,2,2
(MIT or Apache-2.0),0,0,1,1
THIS IS MY LICENSE. :),1,0,0,1
SEE LICENSE IN LICENSE,1,0,3303,3304
https://www.perfectyan.com,0,0,1,1
X.Net,0,0,19,19
Expat,33,0,13,46
Revised BSD see LICENSE.md,6,0,0,6
XYZ,0,0,1,1
http://license.azuretalon.com,3,0,0,3
Free License,9,0,0,9
 MIT ,5,0,0,5
MPL (== 2.0),0,5,0,5
LGPL-2.1|LGPL-3[expanded from: LGPL (&ge; 2.1)],0,33,0,33
BSD-Like,0,0,6,6
GPL (&ge; 2.15),0,1,0,1
PRAWN,9,0,0,9
234,0,0,1,1
zlib like,0,0,17,17
LGPL-2|LGPL-2.1|MPL version 1.0|MPL version 1.1|MPL version 2.0[expanded from: LGPL (&ge; 2.0 &lt; 3) | Mozilla Public License],0,2,0,2
Public Domain (Unlicense),0,0,27,27
MIS,0,0,29,29
Open Works License 0.9.2,3,0,0,3
SEE LICENSE IN LICENSE.txt,0,0,1266,1266
GPL v2+,13,0,2,15
Apache-2,159,0,1296,1455
Apache version 2.0,0,0,821,821
Please find the README.md file for license information,0,0,1,1
Ebizu,0,0,16,16
GPL3,350,0,458,808
Creative Commons License 2.5,0,0,1,1
Apache+OFL+PD,0,0,14,14
GNU-GPL v2,0,0,7,7
(BSD) MIT,0,0,19,19
LicenseRef-LICENSE,0,0,660,660
 GPL-2.0+,0,0,3,3
Copyright Sebastian Ware,0,0,24,24
Any GPL or MIT,4,0,0,4
RUBY,43,0,0,43
AGPL v3.0,0,0,5,5
Crowley Licence 1.0 see included LICENCE.txt,0,0,4,4
type:gplv2 url:http://www.example.org/licenses/gpl.html,0,0,1,1
Non-standard,1,0,0,1
risepay,3,0,0,3
GNU-GPL,3,0,13,16
GPL-2|MIT+ fileLICENCE,0,1,0,1
http://tympanus.net/codrops/licensing/,2,0,0,2
Apache-2.0+,0,0,1,1
Copyright (c) 2015 tCell.io (see LICENSE file),27,0,0,27
SEE LICENSE.md,0,0,29,29
Open Parliament License,31,0,0,31
(BSD-3-Clause OR CC-BY-3.0),0,0,4,4
beerware,14,0,42,56
classic,0,0,2,2
Data licence Germany – attribution – Version 1.0,1,0,0,1
WTFPL ( http://www.wtfpl.net/ ),0,0,5,5
https://gojs.net/latest/doc/license.html,0,0,21,21
MIT or GPL-2.0,0,0,5,5
GNU General Public License (&ge; 3),0,3,0,3
SEE LICENSE IN licence.txt,0,0,3,3
GNU/PGLv3,0,0,4,4
see LICENSE,0,0,148,148
Apache2,784,0,2268,3052
THE BEER-WARE LICENSE,0,0,36,36
BSD MIT WTFPL CC-BY pick what you prefer,0,0,3,3
Ulysses Lin,20,0,0,20
(BSD)MIT,0,0,4,4
GPL-3| fileLICENSE,0,61,0,61
apache-license-2.0,0,0,2,2
(Apache-2.0 OR WTFPL),0,0,2,2
OneApm,41,0,0,41
3-clause BSD,49,0,25,74
AdminZ,1,0,0,1
SEE LICENSE IN <license>,0,0,1,1
Perl Artistic v2,1,0,0,1
GPL-3+,65,0,0,65
perl,0,0,3,3
BOOST,0,0,2,2
Apache License 2.0.,0,0,34,34
adPlay,0,0,9,9
All rights reserved Dr. Nawwaf Kharma (http://drkharma.com),0,0,34,34
GPL-3,1405,1568,407,3380
MPL 1.1/GPL 2.0/LGPL 2.1,7,0,0,7
(BSD-3-Clause OR GPL-2.0),0,0,13,13
ASIS,0,0,7,7
Giant Penis License(GPL),0,0,16,16
BSL1.0,0,0,1,1
HotDot Open Source License,0,0,1,1
GPL-2|GPL-3|BSD_3_clause+ fileLICENSE,0,1,0,1
MIG,0,0,1,1
ISD,0,0,3,3
Public domain,54,0,176,230
Oknosoft,0,0,6,6
empty,0,0,3,3
Do what you want. Anything goes. The web will keep track.,0,0,5,5
TBC,0,0,21,21
MY,0,0,1,1
future,1,0,0,1
GPL - V2,0,0,1,1
mobinius,0,0,5,5
MIT or Boost Software License,0,0,8,8
GNU General Public License version 3,0,0,1,1
Ruby Exercise,1,0,0,1
OSISoft LLC,11,0,0,11
BSD3,163,0,381,544
SEE LICENSE IN LICENSE.pdf,0,0,20,20
Apache v.2,1,0,0,1
ICU4J,0,0,2,2
wjhong,1,0,0,1
Free Free Free,0,0,2,2
LicenseRef-LICENSE.md,0,0,8,8
The BSD 3-Clause License,12,0,0,12
See LICENSE file,2,0,7,9
copyright by shuitiankeji,0,0,1,1
GFDL-1.2,0,0,3,3
Dojo,0,0,31,31
@ystk_yrk & UNITED ARROWS LTD.,0,0,3,3
Open Database License,0,0,1,1
DBAD,0,0,177,177
CC-BY 2.0,4,0,7,11
Alan Corp,4,0,0,4
0BSD,3,0,22,25
Apache License (== 2.0)| fileLICENSE,0,5,0,5
see license in license.md,0,0,5,5
CC BY-SA v3.0,0,0,1,1
GPL-2|LGPL-2.1|MPL-1.1,0,1,0,1
all rights reserved,0,0,15,15
Apache-V2,0,0,6,6
BSD 3-clause,141,0,39,180
OSL3,1,0,0,1
Hubub,0,0,2,2
X11,8,0,253,261
MIT-Style,0,0,7,7
BSD + ISC,0,0,4,4
WFYBPL,0,0,6,6
See LICENSE.txt and COPYING.txt,5,0,0,5
Apache Public License (version 2),0,0,1,1
See https://github.com/danlucraft/swt/blob/master/LICENSE,4,0,0,4
BSD 1.0,0,0,2,2
MIT +no-false-attribs +no-advertising License,0,0,34,34
artistic,0,0,1,1
https://opensource.org/licenses/Apache-2.0,1,0,0,1
Released under the MIT BSD and GPL Licenses,0,0,1,1
(GPL-2.0 OR GPL-3.0),0,0,12,12
GPL2+,8,0,29,37
DPL,7,0,0,7
MIT OR GPL-3.0,0,0,1,1
Copyright (c) 2012 (see LICENSE),0,0,6,6
DO-WHAT-YOU-WANT,0,0,2,2
(LGPL-2.1+ OR GPL-2.0),0,0,8,8
2014.11.05,0,0,1,1
zlib,45,0,153,198
GPL-V3,0,0,24,24
NLPL,0,0,1,1
SEE LICENSE IN <LICENSE.txt>,0,0,24,24
Copyright 2015 UMyProto Team,0,0,10,10
https://github.com/RubySteps/rubysteps/blob/free/LICENSE.md,4,0,0,4
unknown,4,0,4,8
LGPL 3 or later,0,0,1,1
MIT	,2,0,0,2
USE AT YOUR OWN RISK.,0,0,1,1
https://smooch.io/terms/,6,0,0,6
Aurora,1,0,0,1
Data licence Germany attribution version 1.0,1,0,0,1
Free-for-all,0,0,2,2
undeclared,4,0,0,4
Apache License 2.0 MIT (for parser),0,0,2,2
CC NC-SA 4.0,3,0,0,3
CCBY,0,0,1,1
BSD-3-Clause,1553,0,33846,35399
apache 2.0,0,0,226,226
MIT Expat,6,0,10,16
All right reserved.,153,0,1,154
unlicense,0,0,537,537
ClickSoftware LTD,0,0,4,4
ozdemirkan,0,0,2,2
lllllllll,0,0,1,1
tbc,1,0,0,1
Per code documentation header as-is,0,0,1,1
SEE LICENSE IN LICENSE.Flora,0,0,4,4
GPL-2 and/or others,18,0,0,18
apache common,0,0,1,1
ASLv2,12,0,24,36
GPL v2-3 & MIT,0,0,81,81
MIT X,0,0,2,2
BSD and MIT,5,0,0,5
BSD 2,4,0,1,5
GLP-2.0+,0,0,1,1
e7,0,0,1,1
lindongfang,0,0,2,2
LGPL 3,1,0,75,76
GPLV2,1,0,7,8
See LICENSE.,3,0,0,3
The Software shall be used for Good not Evil. (see LICENSE),0,0,22,22
GPL-2|GPL-3|BSD_2_clause+ fileLICENSE[expanded from: GPL (&ge; 2) | BSD_2_clause + file LICENSE],0,3,0,3
yahoo-internal,0,0,4,4
AGPL-3,41,44,26,111
Public Domain (UNLISCENSE),0,0,4,4
MIT <http://bankfacil.mit-license.org>,0,0,3,3
(MIT),0,0,130,130
(GPL-3.0 OR Apache-2.0),0,0,2,2
(C) Xtralife.cloud 2015,0,0,11,11
MIT Copyright (c) 2013 Michael Schoonmaker,0,0,3,3
TMA-FALCO,0,0,91,91
Ruby-1.8,22,0,0,22
Cisco,0,0,1,1
EGG,0,0,12,12
University of Illinois/NCSA Open Source License (NCSA),1,0,0,1
WTFPL - http://www.wtfpl.net/,0,0,12,12
You want it its yours,5,0,0,5
SEE LICENSE IN Intune_App_SDK_Cordova_plugin_RTM_license.pdf,0,0,7,7
Public domain(unlicense),0,0,112,112
Creative Commons Attribution,0,0,2,2
CC BY-SA 3.0,52,0,15,67
Tridium Open Source License,0,0,4,4
(MIT AND GPL-2.0),0,0,2,2
strictly private,0,0,2,2
BSD-3-Clause OR MIT,0,0,1,1
GNU GPL v3 (or later),1,0,0,1
GPLv2/LGPL,0,0,7,7
GPL-V3.0,0,0,12,12
GPL (&gt; 2),0,12,0,12
https://github.com/lujintan/clitookit/blob/master/LICENSE,0,0,2,2
http://editor.surveyjs.io/license.html,0,0,8,8
 MS-PL,0,0,7,7
EPL 1.0 or GPL >= 2.0,0,0,7,7
WTFPL,1109,0,7285,8394
Lesser GPL,0,0,1,1
MIT License,182,1,1158,1341
all rights reserved by fe@sankuai,0,0,1,1
(c) Fred Appelman,1,0,0,1
LOVE,0,0,1,1
None (Public Domain),5,0,2,7
Commercial (TODO),0,0,1,1
superjunjin,0,0,5,5
(MIT AND CC-BY-3.0),0,0,8,8
SPDX,0,0,1,1
Daffodil software ltd.,0,0,4,4
EPL LGPL,0,0,11,11
MPL version 1.0|MPL version 1.1|MPL version 2.0[expanded from: MPL],0,1,0,1
CC BY SA 4.0,1,0,0,1
Fair,0,0,443,443
ALIBABA GROUP,0,0,6,6
Copyright 2013 geedew <drew@geedew.com>,0,0,2,2
See LICENSE.txt file,0,0,2,2
Apache License version 2,14,0,0,14
SEE LICENSE IN LICENCE.txt,0,0,2,2
Copyright (C) 2014 Keas -- All rights reserved,1,0,0,1
Eclipse Public License,10,0,2,12
UPL,0,0,1,1
MIT OR Good-Boy,0,0,1,1
apHarmony,0,0,1,1
Kopimist,0,0,10,10
SEE LICENSE IN license,0,0,4,4
(Apache-2.0),0,0,177,177
LICENSE IN License.md,0,0,40,40
GPL-2(see fileLICENSE),0,2,0,2
Apache-2.0 APL-1.0,0,0,3,3
Apache License Version 2.0.,76,0,0,76
123344444,0,0,1,1
I donno,1,0,0,1
QPL - See LICENSE at https://github.com/ocaml/ocaml,0,0,1,1
CC0-1.0,168,0,3381,3549
GNU GLP v3.0,0,0,1,1
Distributes under the same terms as ruby.,2,0,0,2
MIT License http://www.opensource.org/licenses/MIT,0,0,26,26
See license.txt,2,0,7,9
Azure License,1,0,0,1
EPL v1.0,0,0,1,1
LGPL v2.1,55,0,16,71
simple,0,0,10,10
FOSSL-G,0,0,3,3
SEE LICENSE IN License.md,0,0,861,861
Apache License V2.0,165,0,19,184
internal,0,0,1,1
Amazon Software License,11,0,0,11
do whatever you want,0,0,1,1
MotionRecall,0,0,10,10
GPL 2+_,0,0,1,1
Appunfold,0,0,28,28
http://www.fusioncharts.com/buy/,0,0,8,8
woshiwentan,0,0,2,2
Open Software Licence v3.0,17,0,0,17
Lean,15,0,0,15
https://walletkit.com/legal,1,0,0,1
CLOSED SOURCE,0,0,9,9
 MIT,0,0,110,110
BSD 3 clause,46,0,0,46
LGPL-2.1|LGPL-3[expanded from: GNU Lesser General Public License],0,1,0,1
PSFL,25,0,0,25
BSD-2-clause,0,0,150,150
UNLISENCED,0,0,3,3
Apache Public License 2.0,68,0,0,68
Appcelerator Commercial License,0,0,33,33
GNU AGPLv3,0,0,7,7
MIT/X,0,0,19,19
license.md,5,0,1,6
http://thompsonemerson.mit-license.org,0,0,2,2
See License File,0,0,12,12
SEE LICENSE IN LICENCE.pdf,0,0,1,1
MPL v2.0,0,0,111,111
Copyleft 2015,0,0,13,13
MSFT MIT-like,0,0,17,17
GPL (&ge; 3)+ fileLICENSE,0,2,0,2
EPL (Eclipse public licence),0,0,7,7
https://github.com/mapbox/gridmonger/blob/master/LICENSE.txt,0,0,4,4
GNU Affero General Public License version 3,16,0,0,16
3000,0,0,1,1
MPL-1.1 OR LGPL-2.1,0,0,1,1
MIN,0,0,1,1
ngo.nguyen,0,0,3,3
Eclipse Public License + Eclipse Distribution License,0,0,38,38
meishij,0,0,2,2
SIT,24,0,0,24
Copyright 2017 Vensi Inc.,0,0,2,2
LGPL v3.0,3,0,0,3
ANDELA,1,0,0,1
n,0,0,11,11
LLGPL,0,0,3,3
CC-BY-NC,0,0,2,2
AGPLv3 or Commercial,0,0,2,2
SEE LICENSE IN README.md,0,0,307,307
(Apache-2.0 AND MIT),0,0,8,8
copyrights@danyrubyhan2015,1,0,0,1
SEE LICENSE IN reset.css,0,0,4,4
MIT license (MIT),29,0,66,95
MPLv2.0,0,0,61,61
http://www.jqwidgets.com/license/,0,0,82,82
Custom with a touch of MIT,3,0,0,3
PRAGMA,0,0,1,1
GNU GENERAL PUBLIC LICENSE Version 2,19,0,25,44
CPAL-1.0 OR AGPL-1.0,0,0,5,5
rainforwind-private,0,0,1,1
CC-BY 3.0,0,0,47,47
Eclipse Public License + Eclise Distribution License,0,0,1,1
To be decided,3,0,0,3
MIT (http://brianmhunt.mit-license.org/),0,0,6,6
XXX,0,0,2,2
(BSD-2-Clause OR MIT),0,0,2,2
NOTFORSALE,0,0,3,3
GPL 2,840,0,2,842
GNU GPL v2,28,0,98,126
MPLv2,49,0,196,245
Internal,0,0,1,1
GPLv3+,168,0,30,198
CUBITO,0,0,13,13
GPL v3.0,10,0,38,48
Apache License v2.0,96,0,101,197
LPGLv2,5,0,0,5
MIT and GPL v2,3,0,0,3
Apache-1.0,0,0,1,1
SecuredCloud,7,0,0,7
JSF,0,0,1,1
LGPL:,0,0,8,8
Apache v2.0 January 2004,0,0,2,2
the unlicense,0,0,2,2
AGPL Copyright 2014 uh-sem-blee Co.,0,0,172,172
Enterprise,0,0,11,11
MTL 2.0,0,0,1,1
http://www.gnu.org/licenses/gpl.txt,3,0,0,3
Apache license,3,0,0,3
LGPL-2|LGPL-2.1[expanded from: LGPL (&ge; 2.0 &lt; 3)],0,1,0,1
(Creative Commons 3.0 BY license),0,0,2,2
MIT OR WTFPL,0,0,7,7
Tanapat Sainak,2,0,0,2
Sea LICENSE,1,0,0,1
GPL,1678,0,4819,6497
New BSD (3-clause),17,0,0,17
apache2,123,0,44,167
GPL and commercial,0,0,7,7
http://formvalidation.io/license/,0,0,1,1
ODPL-1.0,1,0,0,1
X11/LGPL/GPL,0,0,1,1
Ruby License (2-clause BSDL or Artistic),22,0,0,22
Copyright shutterstock.com 2014,1,0,0,1
LGPL2.1,0,0,52,52
GOVERNMENT LICENSE,3,0,0,3
BSD_2_clause+ fileLICENSE,0,70,0,70
Common Public License Version 1.0,0,2,0,2
(LGPL-2.1 AND MIT),0,0,5,5
MPL/2.0,3,0,10,13
BSD3-Clause,0,0,73,73
Copyright 2013 Joe McIlvain,16,0,0,16
emojidex asset license,3,0,0,3
http://bpmn.io/license,0,0,24,24
Apache License,27,0,506,533
GSLv3,182,0,0,182
cordova-sierra-p-assist Licence,0,0,2,2
SEE LICENSE IN LICESNSE,0,0,1,1
Copyright (c) 2015 FeedHenry Ltd All Rights Reserved.,0,0,93,93
MIT Lisense,5,0,0,5
(CECILL-B OR MIT),0,0,1,1
Academic Free License 3.0 (AFL-3.0),4,0,0,4
Microsoft,0,0,1,1
Dual MIT & GPL,0,0,2,2
GPL Lv2,1,0,0,1
Eclipse Public License Eclipse Distribution License,0,0,12,12
MIT (http://mootools.net/license.txt),0,0,215,215
OSL,26,0,0,26
SEE LICENSE FILE,0,0,9,9
Apache License 2.0 (Apache-2.0),14,0,0,14
(BSD OR MIT OR Apache2),0,0,2,2
GNU Lesser General Public License v3,4,0,0,4
AdamWhitcroft,8,0,0,8
wetec,2,0,0,2
Copyright © 2017 Thunderhead. All rights reserved.,0,0,5,5
992375,0,0,1,1
GPL V3 modified,0,0,19,19
ISC OR MIT,0,0,3,3
http://gojs.net/latest/doc/license.html,0,0,11,11
THE BEER-WARE LICENSE (Revision 42),0,0,13,13
https://froala.com/wysiwyg-editor/terms/,0,0,13,13
MIT#,0,0,2,2
SEE LICENSE IN <license.txt>,0,0,76,76
SEE LICENSE IN MIT-LICENSE.txt,0,0,30,30
CC4.0,1,0,0,1
CC-BY-SA 4.0 Itnl.,15,0,0,15
GNU AGPL v3,11,0,0,11
gpl-2.0,0,0,2,2
Undecided,0,0,10,10
EPLv1,9,0,0,9
http://polymer.github.io/LICENSE.txt,0,0,16,16
Apache2 License,0,0,21,21
CC BY-NC,0,0,46,46
CC-BY 4.0 International,0,0,1,1
Unlicense+MIT,0,0,1,1
bsd 3-clause,0,0,4,4
Apache Licence v2,13,0,8,21
MIT (http://),0,0,13,13
Intelisis,0,0,5,5
1,0,0,2,2
BSOD,0,0,5,5
MIP,0,0,4,4
cc-by-4.0,0,0,1,1
HPE,0,0,3,3
SEE LICENSE IN licensing/AccusoftLicenseAgreement.txt,0,0,5,5
http://opensource.org/licenses/MIT,15,0,16,31
APACHE 2,8,0,16,24
Ruby's,94,0,0,94
NPOSL-3.0,0,0,1,1
WGU,0,0,24,24
GPL-2|GPL-3[expanded from: GNU General Public License],0,12,0,12
CC BY-NC 4.0,19,1,16,36
AGPLv2,0,0,13,13
AGPLv3+,17,0,7,24
Apache-2.0 OR BSD-3-Clause,0,0,2,2
https://github.com/lujintan/sherrie/blob/master/LICENSE,0,0,8,8
nobody should use this thing right now,1,0,0,1
BSC-2-Clause,0,0,3,3
fuck,0,0,1,1
APACHE2.0,0,0,17,17
cc-zero,6,0,0,6
Apache Version 2,1,0,26,27
Ms-PL,0,0,82,82
SMC,4,0,0,4
Mozilla Public License,30,0,13,43
GNU General Public License version 2,0,0,2,2
<script>alert(3)</script>,0,0,1,1
Creative Commons,0,0,77,77
BSD or GPL 2.0,0,0,5,5
www.coco.com,0,0,1,1
Steele Nelson,0,0,2,2
menghuanwd,3,0,0,3
TPOL,9,0,0,9
SEE LICENSE IN License,0,0,11,11
LPGLv3,0,0,1,1
yxh,0,0,13,13
CC-BY-4.0,9,0,1091,1100
COPYING,7,0,0,7
AA,0,0,1,1
Free for any use,0,0,1,1
WTFPLv2,2,0,12,14
MOXA,0,0,44,44
Tri Bui,2,0,0,2
111111,0,0,2,2
FSC,0,0,1,1
GPL version 2,3,0,0,3
MPL2.0,10,0,17,27
VUL,0,0,2,2
1000,0,0,1,1
(ISC) GLP,0,0,2,2
(Unlicense or Public-Domain),0,0,26,26
CC 4.0,0,0,7,7
LGPL2,14,0,16,30
NASA-1.3,4,0,1,5
ISC / GPL,0,0,35,35
GNU GPL version 2,44,0,0,44
ManyWho License Version 1.0,2,0,0,2
GPL-2|Artistic-2.0,0,1,0,1
something about RSA with coolpad,0,0,6,6
Apache License Version 2.0,0,0,10,10
Internet Systems Consortium (ISC),4,0,0,4
All rights temporarily reserved ,1,0,0,1
Ask Chet,0,0,2,2
Apache 1.1,0,0,1,1
See License section in README.md,0,0,1,1
http://www.opensource.org/licenses/MIT,9,0,9,18
CECILL-2.1,0,0,21,21
done,0,0,2,2
BSD license,0,0,7,7
SEE LICENSE IN LICENSE.rtf,0,0,1,1
Wambl,1,0,0,1
Copyright (c) 2015 Avocode Inc. All rights reserved,0,0,187,187
proprietary,54,0,184,238
(c) Jerzy J. Gangi 2015. All Rights Reserved.,15,0,0,15
GPLv3 or later,31,0,6,37
http://xdsoft.net/jodit/license.html,0,0,120,120
Appcelerator Commercial,0,0,280,280
GPL v.2,0,0,4,4
adasdsda,0,0,1,1
SEE LICENSE IN COPYING.MD,0,0,1,1
CC-BY-ND,0,0,19,19
Apache-2.0),1,0,0,1
SEE LICENSE IN https://creativecommons.org/licenses/,0,0,2,2
apache v2,0,0,1,1
copyleft,1,0,2,3
AFL-2.0,0,0,17,17
--,0,0,16,16
CPAL-1.0,0,0,139,139
Dual licensed under the MIT and GPL licenses,0,0,1,1
SEE LICENSE IN,0,0,2,2
http://abletech.github.com/neat-complete/doc/LICENSE.md.html,0,0,1,1
80,0,0,1,1
https://github.com/AuthorizeNet/sdk-ruby/blob/master/license.txt,22,0,0,22
SB,4,0,0,4
Modified MIT,0,0,9,9
GPL-2.0+ AND MIT,0,0,43,43
Equivilent to emojidex,1,0,0,1
BHASKAR,3,0,0,3
 Apache License 2.0,0,0,14,14
To Use: WTFPL To Contribute: Dojo CLA,0,0,16,16
https://creativecommons.org/publicdomain/zero/1.0/,3,0,0,3
BSD-3-Clasue,0,0,4,4
GPL Version 3,0,0,30,30
Undefined,0,0,2,2
SEE LICENSE IN license.txt,0,0,223,223
MIT / http://rem.mit-license.org,0,0,8,8
MIT or GPL Version 2,0,0,16,16
Copyright 2015 Jonas Duri,0,0,2,2
CluedIn,0,0,5,5
Ruby-BSD,2,0,0,2
GPOL,0,0,1,1
Copyright (C) 2015 by Thinkful Inc.,0,0,3,3
MIT but not for Redactor.js,1,0,0,1
GPL-v3,1,0,14,15
Copyright (c) 2017 Indegene Inc.,0,0,5,5
New BSD license,4,0,0,4
LICENSE-MIT,0,0,10,10
All Rights reserved Dr. Nawwaf Kharma (http://drkharma.com),0,0,1,1
SIL OPEN FONT LICENSE Version 1.1,0,0,2,2
Comcast,3,0,0,3
CC BY-NC-ND 4.0,2,1,18,21
All Rights Reserved (proprietary),0,0,21,21
BSD 3-clause License,0,1,0,1
See README.md,0,0,2,2
IMT,0,0,16,16
CC BY-SA 2.0+ fileLICENSE,0,1,0,1
(EDL-1.0 OR EPL-1.0),0,0,6,6
MIT Expat License,0,0,5,5
Copyright,6,0,194,200
https://raw.github.com/ohmed/ImEx.js/master/LICENSE,0,0,7,7
SEE LICENSE IN index.html,0,0,1,1
CCPL,13,0,0,13
all right reserved,0,0,1,1
MIT or GPL2,0,0,1,1
adPlay.ir,0,0,20,20
BD-2-Clause,0,0,1,1
WPS,0,0,6,6
Tous droits reserves,0,0,1,1
B.S.D,0,0,3,3
No,0,0,11,11
GPLv2,716,0,1581,2297
POWERKX,1,0,0,1
3-BSD,8,0,0,8
Lizenz CC BY-NC-SA 3.0,9,0,0,9
X.org,0,0,1,1
APACHE LICENSE VERSION 2.0,0,0,11,11
 MPL-2.0,0,0,6,6
SEE LICENSE IN LICENSE Folder,0,0,1,1
SeedAlpha ©2015,0,0,2,2
http://codeflyer.mit-license.org/,0,0,2,2
Crevid,0,0,29,29
GPL-3.0+,368,0,1722,2090
ECL2,1,0,0,1
MPL 2,2,0,7,9
GPLv3,1727,0,4817,6544
https://github.com/kbscript/watch-dog/blob/master/LICENSE,0,0,2,2
LGPLv2.1,22,0,4,26
BSD Simplified,22,0,1,23
W3C,0,0,131,131
MITISC,0,0,1,1
IPL-1.0,19,0,44,63
gpl-mit,0,0,18,18
SATA,0,0,29,29
BEER-WARE,0,0,2,2
APACHE,70,0,190,260
MPL-v2.0,0,0,2,2
LGPL-2.0+,1,0,15,16
CC0 1.0,8,0,9,17
BSD 3,0,0,2,2
MIT_License,0,0,1,1
 GPL-3.0,0,0,9,9
BSD (3-clause),17,0,0,17
GPVv2,0,0,1,1
CC by-nc,0,0,1,1
ASL-2,34,0,0,34
2-clause BSD-style,1,0,0,1
BSD 2 Clause,1,0,1,2
IVS,0,0,13,13
hw,0,0,1,1
Snooper is Open Source! See the LICENCE.md for more information.,2,0,0,2
Copyright (c) Rajarshi Das. All rights reserved,17,0,0,17
Weebly,1,0,0,1
MID,0,0,16,16
Creative Commons Attribution-ShareAlike 3.0 Unported,2,0,1,3
APL2,28,0,23,51
BSD-3-Clause see LICENSE file,0,0,3,3
MIT or GPLv3,0,0,11,11
(CC-BY-SA and SIL),0,0,2,2
FactaTI,32,0,0,32
MIT License (see License),0,0,1,1
Proprietary (see LICENSE.txt),0,0,5,5
BSD License see LICENSE.md for details,0,0,20,20
emojiOL,39,0,0,39
WTHPL v1.0.0,0,0,7,7
CPL-1.0,0,1,2,3
Copywrite Workflo Inc.,0,0,2,2
Not decided yet,1,0,0,1
struggle,35,0,0,35
SEE LICENSE IN LICENSE-MIT,0,0,2,2
not-yet-decided,5,0,0,5
ICU,0,0,8,8
GNU Lesser General Public License version 2.1,1,0,0,1
UlyssesLin,3,0,0,3
BSD Clause 2,6,0,0,6
You want it; its yours.,4,0,0,4
ODBL,0,0,9,9
SEE LICENSE IN <LICENSE.md>,0,0,30,30
Apache License version 2.0,0,0,10,10
CeCILL,0,6,133,139
(GPL-1.0 OR MIT),0,0,1,1
HuJindi,0,0,5,5
©45h,1,0,0,1
Creative Commons 3.0 France,0,0,5,5
GNU General Public License (http://www.gnu.org/licenses),0,0,57,57
Closed,4,0,3,7
FreeBSD,143,5,259,407
MIT AND GPL-2.0,0,0,18,18
LGPL+,0,0,9,9
APL 2.0,64,0,29,93
2-clause BSD,4,0,0,4
Premier,2,0,0,2
Commercial,21,0,254,275
Crowley Licence 1.0 (see included LICENCE.txt),0,0,5,5
Public Domain. See LICENSE.md,3,0,0,3
For license information contact info@intellifylearning.com,0,0,8,8
n.a.,1,0,0,1
Test1,0,0,1,1
https://github.com/facebook/planout/blob/master/LICENSE,0,0,31,31
Elastic License,1,0,0,1
GNU AFFERO GENERAL PUBLIC LICENSE v3,0,0,5,5
Refer to Terms of Service.pdf,0,0,12,12
GNU-v2,0,0,4,4
0.0.1,0,0,1,1
NONSTANDARD,3,0,0,3
TW,1,0,0,1
KSB,0,0,2,2
Yang.FC,2,0,0,2
ope,2,0,0,2
Apache Public License Version 2,0,0,5,5
Located in license.html,0,0,1,1
Hellofoobar,1,0,0,1
PayPal,0,0,4,4
http://www.wtfpl.net,0,0,110,110
Beerware/Pizzaware,0,0,4,4
1234,0,0,3,3
Talk to the Legal Department,0,0,30,30
Kishore at Programming,3,0,0,3
(MIT OR GPL-3),0,0,2,2
Boost Software License v1.0,0,0,4,4
MIT/GPL-2.0,0,0,2,2
LGPL Version 3,4,0,0,4
Public Domain. See LICENSE.txt,3,0,0,3
GPL-2.1,4,0,0,4
See ./LICENSE,0,0,2,2
EB,0,0,26,26
http://wakanda.org/license,0,0,3,3
free,2,0,99,101
UNLICNSE,0,0,1,1
CC-BY-NC-ND-4.0,63,0,189,252
GNU GPL Version 3,33,0,0,33
Apache Software License v2,0,0,15,15
MIT unless you're the NSA,4,0,0,4
Attribution-ShareAlike 3.0 Unported (CC BY-SA 3.0),5,0,1,6
ReportsMash License,5,0,0,5
GIT,0,0,8,8
NON-MILITARY SOCIALIST LICENCE VERSION 1,0,0,8,8
FRS,0,0,2,2
huang@123.com,0,0,1,1
JSON,0,0,24,24
cc-by-3.0,0,0,12,12
0,0,0,38,38
EUPL (== 1.1),0,1,0,1
GPLV3,11,0,7,18
BSD 2-clause License+ fileLICENSE,0,7,0,7
Patito WTFPL,0,0,1,1
Affero GPL,0,0,5,5
Eclipse Public License v1.0,1,0,0,1
 GNU GENERAL PUBLIC LICENSE,0,0,1,1
Apache v2.0,0,0,34,34
ArtDesignCreative,0,0,6,6
LGPLv3 or later,5,0,0,5
PHP 3.01,0,0,1,1
WTFPL / BSD-3-Clause / MIT / zlib,0,0,7,7
MIT @chetandhembre,0,0,1,1
ISC license,6,0,0,6
Copyleft,0,0,162,162
Happy Technologies,0,0,176,176
LGPL-3| fileLICENSE,0,4,0,4
same as https://github.com/mikeal/node.couchapp.js,0,0,1,1
WTFPL-2,3,0,0,3
VOL,0,0,376,376
MIT License+ fileLICENSE,0,3,0,3
SEE LICENSE IN BSL.TXT,0,0,7,7
AGPL 3.0,0,0,16,16
Lavelle Networks,1,0,0,1
JSON License (Modified MIT),0,0,6,6
PAL,55,0,0,55
Scotiabank,0,0,2,2
The unlicense,0,0,1,1
SIL Open Font License,68,0,0,68
NO,0,0,3,3
GPL (&ge; 3)(see fileLICENSE),0,6,0,6
GPL/V3,4,0,27,31
The MIT Licence,0,0,4,4
NONE,15,0,93,108
NGPL,1,0,0,1
GPL-2|GPL-3[expanded from: GPL (&ge; 2.0)],0,100,0,100
Comercial,0,0,1,1
cc-by,1,0,0,1
OFL-1.1,6,0,25,31
OpenPLv1.0,0,0,3,3
GpLv2,0,0,1,1
All rights reserved,53,0,54,107
Unlicense (http://unlicense.org/),0,0,261,261
http://www.imsglobal.org/copyright.html,21,0,0,21
WTF,6,0,197,203
EPL-V10,1,0,0,1
GPL V.2,0,0,2,2
LGPL-2.1|LGPL-3[expanded from: LGPL (&gt; 2.0)],0,1,0,1
SEE LICENSE IN memoizeStringOnly.js,0,0,2,2
GPL3.0,2,0,31,33
MIT Boost Software License,0,0,1,1
GNU-AGPL-3.0,0,0,3,3
OML,0,0,7,7
Open-Source License,1,0,0,1
OFL,1,0,8,9
AGPL3 or commercial open source,0,0,4,4
See the LICENSE file.,0,0,3,3
http://towry.mit-license.org/,0,0,1,1
MIT BSD GPL,0,0,3,3
BSD2,0,0,54,54
BFD,1,0,1,2
CC Attribution 4.0 International,1,0,0,1
BSD-3-CLAUSE,2,0,0,2
APA-2,0,0,16,16
Public Domain,1331,0,667,1998
AGPL V3.0,1,0,0,1
b,0,0,1,1
GPL-2|GPL-3|LGPL-2|LGPL-2.1|LGPL-3[expanded from: GPL (&ge; 2) | LGPL (&ge; 2)],0,1,0,1
Launch,8,0,0,8
GPL 2.0+,0,0,1,1
Apache License version 2.0,0,0,6,6
Apache Software License 2.0,7,0,29,36
Banno LLC. All rights reserved.,0,0,6,6
GLGPL v3,0,0,13,13
Modified Apache-2.0,7,0,0,7
<%= applicense %>,0,0,2,2
(BSD-3-Clause OR ECL-2.0),0,0,4,4
Use by permission only.,17,0,0,17
BY-NC-SA 4.0,0,0,1,1
GarlicTech,0,0,2,2
En Tramite,0,0,1,1
EUPL V.1.1,9,0,0,9
Copyright (c) 2014 by Fokke Zandbergen,0,0,1,1
Apache software license Version 2.0,0,0,4,4
MIT 1.0,0,0,3,3
Beer,3,0,8,11
LGPLv2,67,0,1,68
Apache-v2,26,0,47,73
AIL,1,0,0,1
free binary,0,0,1,1
SEE LICENSE IN FILE,0,0,29,29
kindest,1,0,0,1
MIT (see LICENSE file),34,0,0,34
modified GPL see file,0,0,3,3
ISC / BSD-2-Clause,0,0,1,1
Creative Common Attribution 4.0 International License,8,0,0,8
LGPL3+,0,0,46,46
GPL~3.0,4,0,0,4
1.0.0,0,0,1,1
APACHE-2,25,0,16,41
POL-1.0,0,0,11,11
iTrack ONLY,0,0,4,4
2 Clause BSD,5,0,0,5
GNU AFFERO GENERAL PUBLIC LICENSE version 3,12,0,0,12
Cowboy Code,2,0,0,2
MIT and SciPy license,1,0,0,1
N/A,6,0,48,54
rotation,0,0,1,1
(ISC OR WTFPL),0,0,11,11
GPL V2,1,0,19,20
PayrollHero Internal,2,0,0,2
Dont distribute anywhere external,1,0,0,1
BSD-4-Clause,10,0,45,55
MasterCard,4,0,0,4
THIS IS PROVIDED UNDER MIT LICENSE,6,0,0,6
Eclipse Public License 1.0,0,0,4,4
KJL,7,0,0,7
LicenseRef_LICENSE,0,0,1,1
byvoidmodulemawei,0,0,2,2
GPL v.3,7,0,1,8
MIT and GPL,0,0,1,1
gpl-v3.0,0,0,21,21
CC-SA 3.0,0,0,1,1
IDK,2,0,3,5
GNU General Public,0,0,1,1
GPL-2|GPL-3|MIT+ fileLICENSE[expanded from: GPL (&ge; 2) | MIT + file LICENSE],0,1,0,1
AFL-1.1,0,0,10,10
NA,8,0,9,17
Apache lisense 2,0,0,3,3
nherve,1,0,0,1
(BSD),0,0,5,5
SEE README.md,0,0,1,1
 AGPL-3.0+,0,0,9,9
Google-BSD,0,0,1,1
CC BY-ND 3.0,1,0,0,1
2 clause BSD,0,0,4,4
NEEV,1,0,0,1
Private Totem LLC all rights reserved.,0,0,17,17
©,0,0,1,1
Copyright Samuel,2,0,0,2
Supported-Source,10,0,0,10
copyright 2013-2014 Alex Schenkel,0,0,3,3
Appcelerator Software License (non-open source),0,0,363,363
GPL-3.0+ OR MIT,0,0,3,3
unlicence,0,0,27,27
GNU v3,5,0,43,48
MIT+ fileLICENSE,0,859,0,859
https://github.com/iclanzan/grunt-jassi/blob/master/LICENSE,0,0,1,1
Attribution-NonCommercial-NoDerivatives 4.0 International,9,0,13,22
Sunpower,0,0,2,2
RTE,0,0,10,10
Copyright (C) 2016 ProductOps,0,0,24,24
https://github.com/lujintan/fs-enhance/blob/master/LICENSE,0,0,4,4
GPL-2|GPL-3[expanded from: GPL],0,482,0,482
ISC AND GPL-2.0,0,0,19,19
AutoItX license,1,0,0,1
GNU GPL v2 License,0,0,1,1
Creative Commons v4.0,0,0,8,8
CZ,0,0,1,1
Modified BSD License (BSD 3-clause),0,0,2,2
MTC,0,0,41,41
TRON,2,0,2,4
XNet,0,0,3,3
VMWare license,0,0,17,17
gpl,1,0,50,51
L I C E N S E M E B O Y S,0,0,3,3
Vistaprint,5,0,0,5
The Unilicense,0,0,5,5
Evaluation/non-commercial use,0,0,1,1
BSD 3-Clause,378,0,160,538
GPLv3+: GNU General Public License version 3 or later,18,0,0,18
Copyright by Straas.io,0,0,9,9
Creative Commons (by SA) 2.5,0,0,1,1
BLM,0,0,2,2
(c) MIT,2,0,0,2
MS-PL,1,0,54,55
MIT/AGPLv3,0,0,3,3
 GPL-3.0+,0,0,7,7
GPL (== 2),0,2,0,2
LGLv3,11,0,0,11
Apache20,0,0,1,1
mti,0,0,2,2
SEE LICENCE IN LICENSE,0,0,5,5
DBC Nick Gerakines (for the messages),1,0,0,1
Do What the Fuck You Want to Public License,0,0,1,1
MAS,0,0,13,13
Architecode Research License,0,0,1,1
LGPL-2.1,247,16,579,842
Maniankara Inc.,7,0,0,7
MIT/GPLv3,0,0,9,9
Various,57,0,0,57
GLP-2,1,0,0,1
OSS,0,0,1,1
Affero General Public License v3,0,0,4,4
MIT],0,0,5,5
Commercial license,0,0,3,3
Copyright 2014 - All Rights Reserved,1,0,0,1
ASL,33,0,27,60
isc,0,0,198,198
Atlassian Design Guidelines License,0,0,3,3
GNU PUBLIC LICENCE,0,0,1,1
FreeForAll,1,0,0,1
gpl v3,0,0,11,11
Apache License (&ge; 2.0),0,4,0,4
open source,0,0,17,17
(MIT AND OFL-1.1),0,0,10,10
GNU General Public License version 3,0,2,0,2
See https://bugfender.com/terms,0,0,4,4
Public Domain CC0,35,0,0,35
Luminov Global Indonesia,0,0,6,6
Commercial License,7,0,1,8
BDS-2-Clause,0,0,1,1
LGPL-2|LGPL-2.1|LGPL-3[expanded from: LGPL (&ge; 2)],0,20,0,20
   MIT,0,0,1,1
jetaime_mk108@yahoo.com,0,0,1,1
none. back off. mind your own business.,0,0,8,8
mohammad mahmoudi,2,0,0,2
chungphuoc,1,0,0,1
SHIELD SOFTWARE LICENSE AGREEMENT,14,0,0,14
BSD-3-Clause and MIT,0,0,2,2
Mattersight,0,0,8,8
FeiJi,1,0,0,1
apache2.0,0,0,21,21
GNU-2,0,0,5,5
COmcast Mobility Development Team,0,0,1,1
anonymous,0,0,1,1
EPL,59,2,87,148
LICENSE.txt,3,0,2,5
ATS Dev,0,0,17,17
See LICENCE.html,3,0,0,3
IDk,0,0,2,2
ISO,0,0,2,2
Copyright 2013 Joe McIlvain. All rights reserved.,16,0,0,16
MIT License (see Readme),0,0,3,3
MIT / http://www.highcharts.com/license/,0,0,8,8
MIT GNU General Public License Version 2,0,0,7,7
alex2013,0,0,1,1
TBA,0,0,14,14
BSD-2,67,0,177,244
3-Clause BSD,129,0,6,135
isource,0,0,1,1
CC BY-SA 4.0+ fileLICENSE,0,1,0,1
You want it?  Its yours!,11,0,0,11
Yang Liu,0,0,1,1
AL2,0,0,3,3
http://www.amcharts.com/online-store/licenses-explained/,0,0,3,3
(Apache-2.0 AND MPL-2.0),0,0,17,17
GNU General Public License v3,25,0,25,50
(MIT OR LGPL-3.0),0,0,8,8
DWTFYWPL,0,0,4,4
private,3,0,207,210
LGPL-2.0 with OCaml linking exception,0,0,3,3
CECILL v2,0,0,1,1
MIT & GPL,0,0,11,11
JkgINC,0,0,4,4
SEE LICENSE IN COPYING.txt,0,0,5,5
GPL-2|GPL-3| fileLICENCE[expanded from: GPL (&ge; 2.0) | file LICENCE],0,1,0,1
git remote add origin,0,0,3,3
IS,0,0,1,1
ASL2,125,0,5,130
Justin Moulton,1,0,0,1
Xnet,0,0,53,53
GPL V3,1,0,21,22
IDA,0,0,46,46
BSE,0,0,1,1
MIT/DIT,1,0,0,1
 Apache License,0,0,6,6
Data licence Germany âttribution âersion 1.0,1,0,0,1
Yoloswag,2,0,0,2
Licence Public Rien À Branler,0,0,13,13
WTFL,0,0,5,5
License.txt,0,0,3,3
ASL 2.0,16,0,35,51
PayPal SDK License,53,0,0,53
Copyright TabCorp Pty Ltd 2013,0,0,6,6
PENDING,0,0,62,62
GNU AGPL v3.0,0,0,1,1
CC BY-SA 2.0,0,0,1,1
CC-BY-SA,11,0,25,36
Apache lisence V2,0,0,4,4
GNU GPL v3.0,13,0,109,122
CC By-SA,10,0,0,10
HUGWARE,52,0,0,52
BDM,0,0,1,1
AGPL (&ge; 3)+ fileLICENSE,0,1,0,1
MIT,2,0,0,2
pd,0,0,4,4
University of Illinois/NCSA Open Source License,16,0,0,16
MPL-20,0,0,1,1
NIT-Neev,1,0,0,1
SEE LICENSE IN FILE LICENSE,0,0,19,19
<LICENSE>,0,0,20,20
GPLv3 with proprietary licensing available,0,0,2,2
LicenseRef-license.txt,0,0,3,3
MIT/Apache 2.0,0,0,41,41
Creative Commons Attribution 4.0 International License,0,0,208,208
UNLICENSES,0,0,1,1
GNU GPL,25,0,126,151
(GPL-2.0 AND MIT),0,0,1,1
MIT AND BSD-3-Clause AND BSD-2-Clause AND JSON,0,0,1,1
BSD 2-Clause,65,0,177,242
2-clause BSD license (see the file LICENSE.txt),6,0,0,6
http://creativecommons.org/licenses/by-sa/3.0/,0,0,1,1
Mozilla Public License Version 2.0,0,0,26,26
ZMP,0,0,2,2
See LICENSE.md,10,0,14,24
© 2015 Omnipaste,3,0,0,3
GPLv3 or Commercial,0,0,5,5
Whatever,0,0,3,3
TBD,1,0,65,66
Apache Lisence version 2.0,1,0,0,1
Intelliswift,1,0,0,1
CPAL-1.0 or http://strongloop.com/license,0,0,6,6
BSD 2-clause,13,0,5,18
LICENSE-2.0.txt,0,0,14,14
Apache Style,2,0,0,2
Widen Commercial License,0,0,1,1
MIT BSD,0,0,11,11
TeamMentor Commercial License,0,0,6,6
AAL,0,0,949,949
COPYRIGHT (c) 2014-2016 TrackJS LLC ALL RIGHTS RESERVED,0,0,3,3
GPL/MIT,0,0,22,22
Copyright Envato - All rights reserved.,3,0,0,3
Eclipse Public Licence (EPL) version 1,0,0,1,1
GNU,221,0,794,1015
apache2 actually,0,0,2,2
LPPL-1.3c,2,0,0,2
WhistlerApps,0,0,4,4
pemrouz.mit-license.org,0,0,825,825
zlib/libpng license,0,0,2,2
node,0,0,1,1
BSD-3-Claude,0,0,5,5
MPL-1.1,7,1,23,31
http://clkao.mit-license.org,0,0,1,1
SEE LICENSE IN LICENSES,0,0,1,1
ZLIB/LIBPNG,0,0,2,2
ZLIB,0,0,12,12
GPL (&ge; 3)| fileLICENCE,0,2,0,2
MIT OR GPL-2.0,0,0,36,36
SEE IN LICENSE,0,0,3,3
MTL,0,0,43,43
https://www.colu.co/TOS,0,0,72,72
MPLv3,6,0,0,6
PaidUp,0,0,1,1
utf-8,0,0,1,1
Not licensed for public use,1,0,0,1
NON-SPDX (WTFPL),0,0,2,2
CC BY-SA 4.0,189,10,51,250
MMIT,0,0,4,4
Appcelerator Commercial / Proprietary,0,0,6,6
THE (extended) BEER-WARE LICENSE,4,0,0,4
MPl,0,0,1,1
SEE LICENSE IN LICENSE-GPL,0,0,3,3
jet.com,0,0,1,1
LGPL-2|LGPL-3|GPL-2|GPL-3,0,1,0,1
Worldline,0,0,12,12
GPL-2|GPL-3| fileLICENSE[expanded from: GPL (&ge; 2) | file LICENSE],0,40,0,40
(MIT OR Zlib),0,0,2,2
(GPL-2.0 OR MIT),0,0,11,11
Nokia,0,0,1,1
substanceware,0,0,57,57
MIT BSD,0,0,5,5
BSDL.v2,0,0,4,4
copyright,0,0,28,28
GNU 3.0,1,0,8,9
OP3FT,0,0,8,8
LGP,0,0,13,13
liwei@hotmail.com,0,0,1,1
GLPv3,0,0,6,6
Dual GPL/BSD,0,0,3,3
BSC,0,0,2,2
Eridem AB 2016 All rights reserved.,0,0,1,1
MIT See License.txt for details,0,0,1,1
   MPL-2.0,0,0,2,2
GNU GENERAL PUBLIC LICENSE 2,0,0,1,1
BSD 3-Clause License,3,0,53,56
Apapche-2.0,3,0,0,3
ISC,743,0,381701,382444
Microsoft Pre-Release Software,0,0,16,16
(c) Infopark AG,42,0,0,42
M.I.T.,0,0,18,18
MoxtraInc,0,0,4,4
MIT @ Radu Micu,0,0,6,6
kingman License,0,0,1,1
SEE INCLUDED LICENSE FILE,0,0,11,11
SEE LICENSE IN TERMS.md,0,0,6,6
AnalyticsLimited,0,0,2,2
same as Ruby's,90,0,0,90
CC-BY-NC-4.0,0,0,171,171
2-clause BSD-Style,1,0,0,1
LGPLv2 or later,18,0,0,18
The MIT License (MIT),63,0,376,439
Copyright 2013-2015 Joe McIlvain. All rights reserved.,11,0,0,11
modules,0,0,2,2
Multics,0,0,1,1
GNU v2+ MIT,0,0,43,43
http://creativecommons.org/licenses/by-nc-sa/4.0/,0,0,1,1
GPL-2|MIT+ fileLICENSE,0,1,0,1
SEE LICENSE IN https://www.jqwidgets.com/license/,0,0,104,104
https://github.com/kjirou/log-filter/blob/master/LICENSE,0,0,4,4
CC,0,0,245,245
GPL 3.0,15,0,149,164
libpng/zlib,15,0,0,15
Open,0,0,3,3
The Open Government Licence (OGL) Version 3,9,0,0,9
MPL (&ge; 2.0),0,2,0,2
GNU2,0,0,6,6
Affero GPL or Commercial,0,0,6,6
ECLv2,83,0,0,83
CC BY-SA 2.1 JP,1,0,0,1
Ocono GmbH Proprietary,0,0,6,6
LGPL3.0,0,0,166,166
MIT OR SEE LICENSE IN FEEL-FREE.md,0,0,2,2
dunno,0,0,3,3
GNU/GPL,0,0,11,11
http://wtfpl.org/,0,0,7,7
ECL-2.0,0,0,104,104
Telerik,0,0,58,58
ARTISTIC,98,0,0,98
cc-nc-nd-4.0,0,0,6,6
mtk,0,0,1,1
apache 2,3,0,189,192
GNU GPL version 3,1,0,8,9
Lucent Public License,0,1,0,1
LGPLvTBD,0,0,19,19
Maestrano Enterprise License V1,16,0,0,16
LICENCES,0,0,2,2
see LICENSE.md,0,0,1,1
Private Totem Labs LLC all rights reserved.,0,0,22,22
MIT or GPL v2,0,0,1,1
UNKNOWN+MIT,1,0,0,1
SEE LICENSE IN README,0,0,2,2
OSL-1.0,1,0,0,1
SEE LICENSE IN LICENCE,0,0,5,5
GPL3+,9,0,0,9
HYNF INC PROPRIASHIP,1,0,0,1
-,8,0,15,23
GPL V2 with linking exception see LICENSE,0,0,4,4
Dual BSD/GPL,0,0,32,32
GNU-AGPLv3,0,0,1,1
(LGPL-3.0),0,0,18,18
SEE LICENSE IN LICENSE-APACHE-V2,0,0,3,3
SOPHOS proprietary,1,0,0,1
Apache License Version 2.0,2395,0,738,3133
(OFL-1.1 OR MIT),0,0,84,84
Apache License Version 2.0 January 2004,9,0,99,108
See LICENSE.txt,0,0,1,1
Creative Commons Attribution-NonCommercial,7,0,0,7
WTFPL OR MIT,0,0,1,1
BEERWARE,3,0,2,5
GPL-2.0+,54,0,271,325
MIT <http://www.opensource.org/licenses/mit-license.php>,0,0,61,61
BSL,0,1,4,5
3 clauses BSD,2,0,0,2
Closed-Source,0,0,1,1
https://www.karmadata.com/Policy/Terms,0,0,41,41
SEE LICENSE IN <./LICENSE.txt>,0,0,3,3
Nonstandard,145,0,0,145
GPL (&ge; 3)| fileLICENSE,0,13,0,13
LAGPL,39,0,2,41
Copyright (c) 2015 Thinkful Inc.,0,0,35,35
MIT License see LICENSE.md for details,0,0,21,21
BSD-new,3,0,0,3
libre,3,0,0,3
bsd,80,0,99,179
See LICENSE file.,0,0,2,2
BSB,0,0,4,4
WOG,0,0,18,18
Ruby Software License,2,0,0,2
All rights reserved.,3,0,21,24
per-audio file basis (see README.md),0,0,1,1
Unlicensed,0,0,131,131
(GPL-3.0 OR LGPL-3.0 OR MPL-1.1),0,0,4,4
Apache-2.0 WITH Modifications,14,0,0,14
APPODEAL Inc,0,0,12,12
GNU LGPLv3,13,0,14,27
Marviq,0,0,1,1
GLPL-V3,0,0,1,1
GFDL,3,0,0,3
(CPAL-1.0 AND Artistic-2.0 AND MPL-2.0),0,0,11,11
ASF2,0,0,19,19
GNU General Public License v2,1,0,0,1
SIL Open Font License 1.1,1,0,0,1
GLP v2,2,0,0,2
WOW,0,0,3,3
SEE LICENSE IN https://firebase.google.com/terms/,0,0,18,18
Mit,1,0,264,265
(c) hager,0,0,1,1
Unlicense <http://unlicense.org/>,0,0,1,1
CopyRight 2016,0,0,3,3
BS3 3-Clause,0,0,3,3
Owned By TLF,0,0,1,1
xml4jquery.js,0,0,3,3
SCHWAD LICENSE,17,0,0,17
Ref https://github.com/openstf/stf/blob/master/LICENSE,0,0,2,2
PUBLIC DOMAIN,17,0,3,20
https://github.com/havershlomi/pureApi/blob/master/LICENSE,0,0,1,1
AGPLV3,0,0,41,41
whatevs,0,0,12,12
SEE LICENSE IN UNLICENSE,0,0,12,12
Creative Commons Attribution-ShareAlike,6,0,0,6
Apache License version 1.1|Apache License version 2.0[expanded from: Apache License],0,4,0,4
https://www.ni.com/legal/license/,0,0,55,55
to be determined,0,0,11,11
LGPLv2.1+,228,0,0,228
lindanli,0,0,1,1
lesser,0,0,2,2
CC-BY-2.5,0,0,1,1
commercial,0,0,27,27
MIT licence,0,0,15,15
Mozilla Public License 1.1,2,1,1,4
SEE LICENSE IN <http://www.anychart.com/buy>,0,0,22,22
BLUERIVAL,0,0,2,2
CC-BY-NC-SA,0,0,1,1
GNU GENERAL PUBLIC LICENSE Version 3,0,0,3,3
MIT-Clause,0,0,1,1
CC-BY-SA-2.5,0,0,8,8
see http://www.telerik.com,0,0,1,1
BAT,2,0,1,3
Apache 2.0 http://www.apache.org/licenses/,0,0,2,2
public,0,0,17,17
SEE LICENSE IN <NONE>,0,0,64,64
2222,0,0,1,1
CC-BY-NC-SA-3.0,7,0,146,153
GPL version 3 or LGPL version 3 (Dual License),2,0,0,2
other,0,0,5,5
NCIRL,5,0,0,5
BY-NC-SA 3.0,0,0,1,1
my own,0,0,1,1
SIL OFL 1.1 MIT,0,0,2,2
GNU Affero GPLv3,0,0,7,7
MIT (http://www.opensource.org/licenses/mit-license.php),0,0,5,5
Unlicenced,0,0,17,17
aGPL3,0,0,4,4
3BSD,1,0,0,1
MIT Apache2,0,0,1,1
Apache v2 License,9,0,16,25
I can only be temporarily owned!,0,0,2,2
See License in License.md,0,0,15,15
GNU-GPL-2,0,0,1,1
Luminov,0,0,282,282
IMPLY,0,0,28,28
DBJ,0,0,3,3
BSD-3-Clause-Attribution,0,0,26,26
CC-BY-SA-4.0,34,0,427,461
DBC Nick Gerakines,2,0,0,2
Public Domain <http://unlicense.org/>,0,0,5,5
 http://www.apache.org/licenses/LICENSE-2.0,0,0,1,1
ricardo.mit-license.org,0,0,4,4
(K),0,0,6,6
SEE LICENSE IN TERMS.md (Public Domain / CC0),0,0,47,47
CDE,0,0,33,33
BSD version 2,10,0,0,10
Concurix Terms Of Service (http://www.concurix.com/tos_main),0,0,1,1
GPL v3,257,0,662,919
(MIT OR GPL-3.0+),0,0,74,74
ruby,128,0,0,128
GPL Apache 2.0,0,0,10,10
All Right Reserved,0,0,45,45
your license type here,0,0,6,6
(C) Richard Anderson,0,0,7,7
Same as Ruby's,6,0,0,6
Apache License Version 2,2,0,0,2
MIT Simplified BSD Apache 2.0,26,0,0,26
PR,0,0,3,3
SEE LICENSE IN <filename>,0,0,2,2
mohim ali corp,0,0,7,7
Attribution-ShareAlike 4.0 International,0,0,1,1
Apache_2_0,0,0,2,2
GPL2,181,0,252,433
MbIT,1,0,0,1
Copyright LeanKit 2014,0,0,11,11
CC BY-SA[https://creativecommons.org/licenses/by-sa/4.0/],0,0,1,1
PROPRIETARY,2,0,0,2
aminassian,0,0,1,1
MT,0,0,4,4
c,0,0,4,4
SEE LICENSE IN LICENSE FOLDER,0,0,5,5
Apache lisense 2.0,0,0,2,2
LGPLV3,15,0,0,15
hwj4477@gmail.com,1,0,0,1
GPL-3 AGPL-3,6,0,0,6
belongs to Dany Han,1,0,0,1
Dual MIT & Beerware,0,0,13,13
BSD clause 3,0,0,2,2
Artistic License 2.0,0,5,775,780
UW,1,0,0,1
GNU AGPL3.0,12,0,0,12
SEE LICENSE IN LINK,0,0,24,24
MirOS,0,0,18,18
MPL-1.1 OR GPL-2.0+ OR GPL-3.0+,0,0,7,7
GNU Affero General Public License,1,0,11,12
Sara Wong,22,0,0,22
0721,0,0,1,1
Eridem AB. All rights reserved.,0,0,8,8
ASF 2,0,0,4,4
0.1.1,0,0,2,2
Crown Copyright (Office for National Statistics),6,0,0,6
GPL v2,149,0,541,690
©2014 Seedalpha,0,0,6,6
AL,9,0,0,9
http://geraintluff.github.io/tv4/LICENSE.txt,0,0,10,10
SHAZAAM,0,0,1,1
MOUSE,0,0,1,1
OGL,2,0,2,4
lai,0,0,1,1
SEE LICENSE IN readme.md,0,0,118,118
AGPL v3,7,0,8,15
MIT/Beerware,0,0,1,1
MIT License LICENSE.md,0,0,1,1
SEE LICENSE IN LICENSE FILE,0,0,21,21
brandon,0,0,1,1
MPL-2.0 OR Apache-2.0,0,0,13,13
DBAA see license.txt,0,0,1,1
MiT,0,0,2,2
OWL,18,0,7,25
Arachni Public Source License v1.0,8,0,0,8
Apache Version 2.0,5,0,196,201
zlib license,0,0,4,4
SEE IN LICENSE.md,0,0,15,15
BOB,8,0,0,8
FAIHL,0,0,3,3
BSD New,82,0,11,93
BSD + MPL 1.1/GPL 2.0/LGPL 2.1,20,0,0,20
MIT2,0,0,5,5
3333sss,0,0,1,1
GNU-3.0+,0,0,38,38
NoLicense,0,0,4,4
KOC,0,0,54,54
MPL/GPL/LGPL,0,0,6,6
GPU,0,0,1,1
AGPL+ fileLICENSE,0,4,0,4
Drivers License,0,0,3,3
WTFPL-2.0,13,0,57,70
Free as in Hugs,0,0,4,4
Do whatever the hell you please,0,0,2,2
+GPL3,0,0,1,1
SAP SE,0,0,3,3
COMMERCIAL,0,0,1,1
yes,0,0,3,3
Cortica Private Property,0,0,1,1
GNU GPL 3+,3,0,0,3
geekjai,0,0,1,1
UNLICENSE,212,0,226,438
See license file,0,0,1,1
HJPL,0,0,2,2
AIIT,9,0,0,9
GLP,0,0,152,152
 Apache License V2,0,0,14,14
GNU-AGPL3.0,0,0,1,1
CC 1.0,0,0,75,75
CC-BY-NC-ND-1.0,0,0,1,1
GNU GPL 3.0,0,0,3,3
CC-BY-SA-2.0,0,0,3,3
ISC OR GPL-3.0,0,0,1,1
GPL-2|GPL-3| fileLICENSE[expanded from: GPL | file LICENSE],0,3,0,3
TIM,0,0,21,21
GPL-3 MIT,0,0,4,4
new BSD,0,0,25,25
Apache License 2,13,0,18,31
Fair License,0,0,1,1
MPL (&ge; 2)| fileLICENSE,0,1,0,1
ALv2,167,0,44,211
ASF2.0,0,0,1,1
xia xie,0,0,2,2
Alcatel-Lucent Enterprise,0,0,11,11
Copyright (c) 2014 GreenSock.,25,0,0,25
APACHE V2.0,0,0,5,5
Artistic-2.0 OR LicenseRef-LICENSE,0,0,1,1
EPL (Eclipse Public License),0,0,2,2
GPLv3.0,2,0,16,18
APACHE-LICENSE-2.0,1,0,0,1
../LICENSE,5,0,0,5
https://github.com/iclanzan/jassi,0,0,2,2
Apache 2.0 License,23,0,266,289
BSD or equivalent,0,0,3,3
GPL Version 3 or NYSL,1,0,0,1
PUBLIC,0,0,1,1
THE BEERWARE LICENSE,0,0,2,2
Apache 2.4,0,0,36,36
Simplified BSD (see License),0,0,13,13
Ruby,806,0,0,806
Apache License Version 2.0,830,1,237,1068
yqs,0,0,1,1
GNU General Public License 3,0,0,8,8
hwj4477,9,0,0,9
3776633071,0,0,1,1
All rights reserved for now,12,0,0,12
SEE LICENSE IN ./LICENSE.txt,0,0,2,2
TUT,0,0,3,3
Apache 2.0,16302,0,12127,28429
2-clause-BSD,0,0,6,6
APACHE LICENSE,0,0,13,13
None,33,0,489463,489496
luizbills.mit-license.org,0,0,2,2
Kaplan,0,0,1,1
Unspecified,1,0,0,1
ITVPL,2,0,0,2
gplv2,4,0,0,4
Quill is All rights reserved,1,0,0,1
Revised BSD License (3-clause license),0,0,1,1
AGPL3,190,0,48,238
Apache2 License 2.0,0,0,7,7
Free as in beer.,1,0,0,1
https://github.com/kbscript/ontask/blob/master/LICENSE,0,0,1,1
NET-EASE,0,0,55,55
Copyright Zendesk. All Rights Reserved.,3,0,0,3
Modified Apache 2.0,0,0,1,1
See License Information in LICENSE file,0,0,11,11
Glide,0,0,1,1
MIT / GPL-2.0+,0,0,22,22
MIT/GPL,0,0,17,17
CC BY,5,0,1,6
Apache License 2.0 <http://www.apache.org/licenses/>,0,0,10,10
Ruby's and PSFL (lib/test/unit/diff.rb),3,0,0,3
GA,1,0,0,1
SGI Free Sofware License B 2.0,0,0,3,3
MIT Style License,0,0,95,95
Irof Licence Version 0.0001,0,0,1,1
MsPl,0,0,2,2
BSD-3-Clause-Clear,15,0,42,57
MIT (Expat),1,0,4,5
Apache Public License v2,0,0,776,776
MIT (c) The C2 Group (c2experience.com),0,0,4,4
abcd,0,0,1,1
NC,1,0,0,1
Copyright © 2014 2015 LHA. All rights reserved. See LICENSE.txt,5,0,0,5
Affero-GPL,0,0,1,1
Unicode-TOU,0,0,2,2
LGPL-3|Apache License 2.0,0,6,0,6
(CC0 OR MIT),0,0,29,29
MIT GPL v2,0,0,1,1
SEE LICENSE IN LICENSE-2.0.txt,0,0,1,1
BSD-like,0,0,49,49
Boost Software License - Version 1.0,2,0,0,2
http://www.apache.org/licenses/LICENSE-2.0,0,0,113,113
Apache License 2.0 (Alike AWS React-Native SDK),0,0,2,2
Closed Source: Proprietary,1,0,0,1
FIX,16,0,0,16
Apache V2,161,0,87,248
MIT Licence,0,0,78,78
NOLICENSE,0,0,3,3
APL,6,0,185,191
CC BY-NC-ND,0,0,1,1
SEE LICENSE IN <http://collaborativejs.org/buy>,0,0,4,4
CC BY 3.0,53,0,10,63
Simplified BSD,156,0,21,177
LICENCE,0,0,20,20
Do what the fuck you want to public license,0,0,5,5
Dual-license,0,0,1,1
GNU/GPLv2,0,0,22,22
MIT or Do whatever you want with this gem!,1,0,0,1
ARR,0,0,7,7
Proprietary (See LICENSE.md),46,0,0,46
MPL (&ge; 2),0,2,0,2
CC BY-NC-SA 3.0,196,4,61,261
SEE LICENSE AT https://gojs.net/latest/doc/license.html,0,0,8,8
extended beerware license,10,0,0,10
jnvfkje ke,0,0,2,2
nolicense,0,0,1,1
(Un)license,0,0,2,2
CC BY-NC 3.0,5,0,34,39
xxx,0,0,2,2
asd,0,0,1,1
Bruce Yue,1,0,0,1
commercial open source,0,0,91,91
GNU v2.0,0,0,15,15
For internal use only,0,0,14,14
CNC,0,0,1,1
LGPL-2|LGPL-2.1|LGPL-3| fileLICENSE[expanded from: LGPL (&ge; 2) | file LICENSE],0,1,0,1
ALV2,0,0,24,24
MITL,0,0,9,9
cosmasmallya@rocketmail.com,0,0,1,1
GPLv3: http://www.gnu.org/licenses/gpl.txt,69,0,0,69
MIT License see LICENSE for details,0,0,4,4
http://ricardo.mit-license.org/,0,0,1,1
(Distribute Left),0,0,12,12
BSD 3 Clause,20,0,6,26
ASF,0,0,1,1
LGPL v2,0,0,1,1
Copyright 2016 Ruslan Ledesma Garza,5,0,0,5
NHS,0,0,1,1
acts-as-func,8,0,0,8
Yahoo BSD,0,0,1,1
n/a,3,0,5,8
wwww.baidu.com,0,0,1,1
LGPL-2.0 WITH WxWindows-exception-3.1,0,0,214,214
SEE LICENCE IN LICENCE,0,0,25,25
HM,2,0,0,2
SEE LICENSE IN License.txt,0,0,26,26
123,0,0,3,3
Arslan,2,0,0,2
APACHE-V2,0,0,13,13
LGPL-2|LGPL-2.1|LGPL-3[expanded from: LGPL],0,41,0,41
[MIT],6,0,0,6
Copyright 2014 Graphicly,1,0,0,1
GPL-3-LICENSE,34,0,0,34
APACHE LICENSE VERSION 2.0,12,0,0,12
ASF v2,0,0,2,2
GLGPLv2.1,0,0,1,1
Boost Software License Version 1.0,2,0,0,2
(none),0,0,16,16
SIL OFL,4,0,0,4
FONIX,1,0,0,1
(MIT AND CC-BY-4.0),0,0,2,2
BSD-3-clause,132,0,4,136
NewBSD,2,0,1,3
(MIT AND JSON),0,0,9,9
wtfpl,14,0,92,106
SNL,0,0,1,1
http://www.apache.org/licenses/LICENSE-2.0.html,3,0,0,3
 BSD-3-Clause,0,0,49,49
GPUv3,4,0,0,4
ISC License,23,0,0,23
To use or fork MIT License. To contribute back Dojo CLA,0,0,1,1
LGPL 2.1,36,0,83,119
GNU General Public License version 3.0 (GPL-3.0),16,0,0,16
Mmtrix,3,0,0,3
Artistic 2.0,295,0,37,332
(ISC OR GPL-3.0),0,0,21,21
The MIT License,5,0,152,157
Licensed under the MIT license.,0,0,10,10
(AGPL-3.0 AND LGPL-3.0),0,0,65,65
license,0,0,1,1
MIT http://opensource.org/licenses/MIT,0,0,7,7
MIT License GPL,0,0,2,2
See https://github.com/cometd/cometd/tree/master/LICENSES,0,0,8,8
MIT-License,7,0,13,20
http://tritarget.org/wywtpl/,0,0,1,1
Public Domain.,5,0,0,5
DreamFace Open License,0,0,3,3
Public Domain. See CONTRIBUTING.md.,10,0,0,10
SEE LICENSE file,0,0,9,9
GPL-2|GPL-3,0,242,0,242
DAFUQ,0,0,56,56
NIT,3,0,0,3
GNU AGPL3,0,0,1,1
(MIT OR GPL-2.0 OR GPL-3.0),0,0,4,4
LGPL Version 3.0,0,0,130,130
http://shop.highsoft.com/highstock.html,1,0,0,1
MIT/GPLv2,5,0,21,26
unlicensed,0,0,177,177
???,3,0,10,13
A,0,0,2,2
Boost Software License,0,0,2,2
CeCILL-C,0,0,2,2
LGPL-2|LGPL-2.1|LGPL-3[expanded from: LGPL (&ge; 2.0)],0,7,0,7
apache-v2,0,0,6,6
GNU GPL V2,7,0,17,24
BSD/MIT,4,0,6,10
free to use,0,0,7,7
MIT & CC3,0,0,3,3
Creative Commons Attribution-ShareAlike License,0,0,1,1
Public domain + other open source licenses,6,0,0,6
1.1,0,0,1,1
Apache-2.0,1,0,111936,111937
CDDL,0,0,16,16
gplv3,31,0,15,46
(BSD-2-Clause OR WTFPL),0,0,3,3
(MIT OR GPL-3.0),0,0,47,47
BSD2-License,0,0,8,8
Copyright Talis Education Ltd,14,0,0,14
Dual licensed under the MIT or GPL Version 2 licenses.,0,0,1,1
Copyright 2014 typefoo Co.,0,0,43,43
TODO: Add a license,27,0,0,27
ORLA,0,0,2,2
GPL-2|GPL-3|BSD_3_clause+ fileLICENSE[expanded from: GPL (&ge; 2) | BSD_3_clause + file LICENSE],0,1,0,1
BSD*,0,0,10,10
(BSD-3-Clause AND CC-BY-SA-4.0),0,0,1,1
artistic 2.0,15,0,4,19
AOL/MIT,0,0,2,2
blank,1,0,0,1
The Unlicense,20,0,61,81
Sunil Kumar,1,0,0,1
MPL-2,0,0,21,21
NYSL BSD-3-Clause,0,0,1,1
Apache version 2,2,0,17,19
GPLv2 AND MIT,0,0,1,1
Shen License,8,0,0,8
open,0,0,25,25
KINDLY,0,0,403,403
Standard Improved BSD License,0,0,7,7
Suvankar,1,0,0,1
LPL,0,0,1,1
INCAR,0,0,1,1
The Artistic License 2.0,0,0,2,2
Apcahe-2.0,0,0,2,2
CPAL,0,0,13,13
LGPL v3+ Apache or MIT your choice,0,0,9,9
BSD-3-Clause AND MIT,0,0,26,26
Noramsoft,0,0,1,1
MIT (https://github.com/moso/flexgrid/blob/master/LICENSE),0,0,5,5
report error message with badjs,0,0,12,12
LGLP3,0,0,5,5
GNU GENERAL PUBLIC LICENSE v3,0,0,3,3
MIT (with GPL dependencies),0,0,3,3
sigma,0,0,5,5
GNU General Public License version 2,1,6,0,7
BCA,0,0,1,1
CC-BY-SA-3.0,6,0,240,246
Copyright (c) Sematext Group Inc.,0,0,168,168
CC-BY-1.0,4,0,0,4
GPL-2| fileLICENCE,0,4,0,4
http://imperavi.com/redactor/license/,0,0,50,50
Apache v2.0,79,0,343,422
BSD_3_clause+ fileLICENCE,0,6,0,6
GNU LGPL 3,4,0,0,4
MIT (Freely you received freely give.  Mt10:8),0,0,14,14
Apache Version 2.0 and MIT,0,0,3,3
BSD-2-Clause,698,0,26312,27010
Licence MPL 1.1 OR Licence GPL 2 OR GPL-3.0+,0,0,2,2
http://unlicense.org,0,0,19,19
(OFL-1.1 AND MIT),0,0,30,30
(ISC AND GPL-2.0),0,0,20,20
wm,0,0,5,5
BSD-3 Clause,3,0,1,4
(Unlicense OR MIT),0,0,12,12
Kantox LTD Commercial,1,0,0,1
Coffeeware <https://github.com/Jmlevick/coffeeware-license>,0,0,1,1
http://www.byvoid.com,0,0,1,1
do whatever,2,0,0,2
See the license file.,0,0,15,15
See License in LICENSE.md,0,0,3,3
EUPL v1.1,0,0,1,1
SHIYE,0,0,15,15
leng,0,0,1,1
Pubic Domain,0,0,7,7
SEE LICENSE IN ./LICENSE,0,0,30,30
BSD 3-clauses,3,0,0,3
GLP v.3,0,0,6,6
?,6,0,22,28
Apache License (== 2),0,1,0,1
EPL (&ge; 1.0),0,1,0,1
Apache-License-2.0,0,0,4,4
Beerware,88,0,447,535
emojidex Open License,81,0,0,81
BSD 2-clause license,0,0,2,2
Copyright Instacart,9,0,0,9
Public domain or CC0,0,0,3,3
Copyright (c) ThinkNear 2014-2015 Licensed under APLv2.0,4,0,0,4
BSD-Protection,0,0,2,2
./LICENSE,0,0,9,9
Nectify,2,0,0,2
CC Share Alike,0,0,2,2
Free Open Source,0,0,1,1
Apache - 2.0,0,0,2,2
AER,3,0,0,3
CeCILL-2,0,9,0,9
CSC,0,0,1,1
ATL,0,0,2,2
Sonots Public License,0,0,1,1
MIT OR 0BSD,0,0,2,2
koolearn.com,0,0,5,5
Use + Distribute on ANY type of projects/products,0,0,9,9
Apache 2 License,0,0,13,13
MIT <http://opensource.org/licenses/MIT>,0,0,10,10
GNU V3,0,0,1,1
Apache/MIT,0,0,5,5
license.txt,5,0,0,5
SEE LICENSE IN license.md,0,0,163,163
WTFDBAL,7,0,0,7
Copyright 2013-2014 Joe McIlvain. All rights reserved.,7,0,0,7
GNU GPL v. 3,0,0,5,5
BEER,1,0,3,4
MIT or Apache-2.0,0,0,1,1
http://telerik.com,0,0,4,4
GFY,0,0,3,3
PUBLIC DOMAIN (UNLICENSED),0,0,6,6
KingSam,0,0,5,5
MIT+,0,0,4,4
LexisNexis (Private),0,0,9,9
LGPLv2+,14,0,0,14
ASF 2.0,11,0,3,14
emojidex General License,6,0,0,6
Standard 3-clause BSD,0,0,1,1
Copyright (c) SkillFlow all rights reserved.,0,0,1,1
MIT+ fileLICENCE,0,2,0,2
CC-BY-NC-1.0,0,0,1,1
The Unlicense <http://unlicense.org>,0,0,3,3
SEE LICENSE IN https://appscode.com/legal/tos/,0,0,6,6
X,0,0,118,118
lgpl-3.0,0,0,10,10
EUPL,3,7,0,10
CC-by-sa 4.0,7,0,0,7
GNU v2,12,0,0,12
Dual,4,0,1,5
coil,2,0,0,2
See README.md.,1,0,0,1
UMD,0,0,1,1
CC BY 2.1 JP,1,0,0,1
All Rights Reserved,41,0,29,70
see LICENSE file,0,0,25,25
Released under the MIT license.,0,0,6,6
(GPL-2.0 OR LGPL-2.0 OR MPL-1.1),0,0,4,4
LGPL-3.0,1411,0,6631,8042
GNU-GPLv2,0,0,5,5
GPL (&ge; 2.1),0,5,0,5
http://unlicense.org/,5,0,16,21
MIb,2,0,0,2
Attribution-NonCommercial 2.5 Generic (CC BY-NC 2.5),0,0,1,1
LGPL-3+ fileLICENSE,0,1,0,1
CC BY 3.0 and MIT,0,0,2,2
MIT Apache License v2.0,44,0,0,44
H2,2,0,0,2
TBD (see readme),0,0,7,7
FTWPL,1,0,0,1
Apachev2,216,0,17,233
https://github.com/scriptwerx/ngEgg/blob/master/LICENSE,0,0,3,3
1234567,0,0,1,1
idk,0,0,4,4
Mozilla Public License 2.0,0,9,14,23
??,0,0,12,12
lgpl,29,0,0,29
Apache Software License Version 2,0,0,4,4
Creative Commons Attribution 3.0 Unported,0,0,2,2
GL,0,0,3,3
LGPL-2,36,16,16,68
BSD_2_clause+ fileLICENCE,0,2,0,2
CloudInsight,1,0,0,1
Private Property (c) Search Influence,1,0,0,1
Creative Commons Attribution-NonCommercial 3.0,0,0,6,6
Sogelink - Tous droits reserves,0,0,2,2
CC BY-NC-ND 3.0 US,0,2,0,2
C0-1.0,0,0,6,6
Ruby's or GPLv2 or later,4,0,0,4
GGPL3,0,0,1,1
MPL version 2.0|GPL-2|GPL-3| fileLICENSE[expanded from: MPL (&ge; 2) | GPL (&ge; 2) | file LICENSE],0,1,0,1
MITNFA,108,0,23,131
Apache License v2,26,0,0,26
BSD See License.txt for details,0,0,5,5
Copyright (c) Joe McIlvain. All rights reserved ,50,0,0,50
GNU General Public License v2.0,79,0,1,80
freeBSD,0,0,4,4
GLP v2.0,0,0,9,9
ChengQianLicense,0,0,1,1
MIT/GPL2,0,0,23,23
NYSL,4,0,0,4
MIT License (http://opensource.org/licenses/MIT),0,0,10,10
Cecill-B (french BSD-like),0,0,5,5
Zendesk Proprietary,0,0,1,1
GPL v2 with exceptions,15,0,0,15
Mozilla 2.0,9,0,6,15
DWTF,20,0,0,20
BSD-3-Cluase,11,0,0,11
BSD-3-Clause OR AFL-2.1,0,0,54,54
Kishore and Subit,2,0,0,2
ModifiedBSD,7,0,0,7
me,9,0,0,9
0091,0,0,1,1
Appache-2.0,0,0,3,3
APACHE 2.0,67,0,66,133
a,0,0,1,1
OFL-1.1 AND MIT,0,0,3,3
MIT Copyright (C) 2016 Greg Denehy,0,0,1,1
https://github.com/johnhof/KError/blob/master/LICENSE,0,0,1,1
https://www.froala.com/wysiwyg-editor/pricing,0,0,18,18
OpenSSL,3,0,0,3
Apache Software License v2 © SignalFx,6,0,0,6
SEE LICENSE IN FILE LICENSE.md,0,0,7,7
MIT Copyright Vali Malinoiu,0,0,2,2
GNU GPL ver 3,0,0,1,1
apache license,0,0,1,1
Personal,0,0,22,22
2ClickSolutions,0,0,5,5
TMI,0,0,2,2
(MIT OR GPL-2.0+),0,0,44,44
CC AA,0,0,1,1
BSD-3,880,0,242,1122
jerryjc,0,0,1,1
SEE LICENSE IN LISENCE.md,0,0,6,6
cc0,0,0,6,6
IBM Public License,7,0,0,7
(MIT OR MPL-2.0),0,0,12,12
Open Government License,6,0,0,6
apache-2.0,41,0,90,131
Public domain Open Game License,0,0,3,3
GUN,0,0,14,14
http://creativecommons.org/licenses/by/3.0/deed,0,0,1,1
See license in ./LICENSE,0,0,1,1
SEE LICENSE IN LICENSE.TXT,0,0,127,127
SEE LICENSE IN LICENSE.markdown,0,0,1,1
MIT and CCPs License for their static dumps,2,0,0,2
d,0,0,1,1
Newton,0,0,1,1
False,0,0,1,1
The BSD Liscense,3,0,0,3
AGPL 3.0 - http://www.gnu.org/licenses/agpl-3.0.html,49,0,0,49
EPL 1.0,16,0,0,16
FreeBSD| fileLICENSE,0,1,0,1
TEST,0,0,1,1
sdf,0,0,3,3
BSD ISC,0,0,1,1
BSD & MIT,0,0,6,6
Private,86,0,132,218
CC-by-SA,0,0,10,10
GNU GPL 3,3,0,39,42
Immunio,35,0,0,35
BSD or AFL,3,0,0,3
Stanford University Libraries,21,0,0,21
Dedicated to the public domain,0,0,1,1
Universal Permissive License 1.0,5,0,0,5
PRIVATE,0,0,20,20
CDDL-1.0,4,0,7,11
MIY,0,0,2,2
VestaL1,0,0,1,1
MOT,0,0,20,20
Fair License (http://fairlicense.org/),0,0,3,3
BSD_3_clause+ fileLICENSE|GPL-2,0,1,0,1
Apache-2.0 and proprietary,0,0,12,12
CC BY-NC 4.0 license,0,0,5,5
GMR,1,0,0,1
PHP-3.01,0,0,5,5
Custom license (read license.pdf),0,0,3,3
2.0,3,0,31,34
AGPL-3.0,504,0,5775,6279
freemium,0,0,12,12
LGPL (&ge; 3)| fileLICENSE,0,3,0,3
Prashanth C,1,0,0,1
MTT,0,0,13,13
Copyright Tabcorp Pty Ltd 2014,0,0,14,14
iAdvize,0,0,18,18
none (public domain),0,0,1,1
APACHE-2.0,36,0,97,133
GYF,7,0,0,7
LGPL or Ruby,3,0,0,3
EUPL 1.1,25,0,0,25
GNU GENERAL PUBLIC LICENSE Version 2 June 1991,0,0,1,1
AGPL-V3,0,0,1,1
Apache License 2.0| fileLICENSE,0,12,0,12
MPL 1.1,4,0,0,4
GPL (&ge; 2.15.1),0,2,0,2
Beer-Ware,0,0,9,9
Please visit https://developers.cloudrail.com/.,1,0,0,1
Copyright 2014 Agnitio,0,0,3,3
https://github.com/kjirou/parry-mongoose/blob/master/LICENSE,0,0,1,1
Custom,1,0,5,6
none (all rights reserved),51,0,0,51
GPL (&ge; 2.2),0,1,0,1
LOL,0,0,3,3
Unlicense / Public Domain,4,0,0,4
SEE LICENSE IN <MIT-LICENSE.txt>,0,0,1,1
i-BP,0,0,6,6
nothing,0,0,1,1
Property of Josh Vanderwillik,0,0,3,3
MITt,0,0,5,5
WEI,1,0,0,1
https://github.com/FezVrasta/bootstrap-material-design/blob/mast,2,0,0,2
Copyright 2013 Joe McIlvain. MIT Licensed.,4,0,0,4
BSD-2-Clause MIT,0,0,2,2
Public Domain (Unliscense),0,0,3,3
s,0,0,1,1
BSD-2 Clause,0,0,3,3
tbd,0,0,1,1
MIT (see readme.md),0,0,4,4
Creative Commons Attribution 3.0 License,9,0,0,9
Anyone can use this for whatever I don't care.,1,0,0,1
GNU GPL 2,3,0,6,9
GNU General Public License 3.0,0,0,6,6
LGPL-2.0,8,0,63,71
© 2016 Huge. All Rights Reserved.,0,0,1,1
Apache License (2.0),4124,0,0,4124
http://www.mozilla.org/MPL/2.0/,0,0,3,3
agpl-3.0,1,0,0,1
vky,0,0,1,1
LGPL (&ge; 3.0),0,2,0,2
Code Project Open License,1,0,0,1
Simplified BSD License,22,0,10,32
(c) Copyright 2015 corey hadden all rights reserved,0,0,151,151
2,42,0,0,42
AML,0,0,19,19
NOT LICENSED,0,0,1,1
Enjoy,1,0,0,1
(MIT AND GPL-3.0),0,0,7,7
Copyright 2015 Agnitio,0,0,21,21
optin license,7,0,0,7
GNU General Public License v3.0,28,0,1,29
MIT,1,10,1515273,1515284
kpratik,1,0,0,1
DLB,1,0,0,1
(MIT AND OFL-1.0),0,0,2,2
GNU V2,11,0,3,14
kato.im,11,0,0,11
Display.xxx,4,0,0,4
AII,0,0,3,3
LicenseRef-streamdataio.license,0,0,1,1
Mozilla Public License version 2.0,7,0,19,26
(Apache-2.0 OR MIT),0,0,65,65
Copyright Centiq Ltd,0,0,1,1
AFL-3.0,2,0,15,17
Apache License V2,0,0,21,21
Dev,0,0,1,1
Copyright (c) 2016 Thinkful Inc.,0,0,10,10
apace,0,0,1,1
MPL-2.0,243,1,6380,6624
(BSD-2-Clause OR MIT OR Apache-2.0),0,0,10,10
propriatry,0,0,103,103
fileLICENSE,0,22,0,22
GPLv3 or NYSL,1,0,0,1
CC3.0,0,0,42,42
nil,2,0,1,3
LGPL V3,0,0,14,14
closed,3,0,5,8
AGPL 3,7,0,31,38
MLP-2.0,0,0,2,2
GNU Public,2,0,0,2
MTI,4,0,31,35
AMPAS,0,0,1,1
bsd4,35,0,0,35
CSL,438,0,0,438
SEE LICENSE IN MIT-LICENSE,0,0,2,2
budong,0,0,1,1
Librato Open License Version 1.0,1,0,0,1
Ruby's license,93,0,0,93
CLOSED,0,0,2,2
Creative Commons by-nc,5,0,0,5
(LGPL-3.0 OR Commercial),0,0,1,1
MIT/Apache-2.0,10,0,29,39
616079491,0,0,1,1
code: MIT fonts: Apache 2.0,0,0,1,1
Kodiak 1.0,0,0,1,1
GNU GPL-3,34,0,0,34
RPL,1,0,0,1
Free to all users,0,0,74,74
thanhnv,0,0,1,1
CC3,0,0,1,1
Ruby (Rub's/GPLv2 dual),2,0,0,2
Mozilla Public Licence version 2,0,0,1,1
EPL-1.0,156,0,354,510
MIT 2-clause BSD,9,0,0,9
(Apache 2.0),0,0,1,1
Free For All,14,0,0,14
haguo,0,0,1,1
Open Source,6,0,1,7
1.0,0,0,19,19
New BSD,108,0,767,875
GnuPG,0,0,1,1
UNTDID (http://www.unece.org/trade/untdid/license.htm),1,0,0,1
The Ruby License,18,0,0,18
GPL (&ge; 2.14),0,1,0,1
nguyenthanglong1991@gmail.com,0,0,4,4
ads,0,0,1,1
whatever,38,0,0,38
(MIT or GPL),0,0,4,4
8888,0,0,2,2
Source: MIT Glyphs/Fonts: SIL Images: CC-By 3.0,2,0,0,2
Copyright Colossal LLC 2015,0,0,2,2
MIT (sailxjx.mit-license.org),0,0,2,2
GNU-GL-2,0,0,22,22
lacosta,0,0,3,3
MPL 2.0,15,0,581,596
MIT and LGPL,0,0,9,9
SimPL-2.0,1,0,0,1
Wrapbootstrap,0,0,1,1
You want it?  It's yours.,16,0,0,16
MTG,0,0,1,1
Mozilla Public License v2.0 (https://www.mozilla.org/MPL/2.0/),4,0,0,4
APL2.0,5,0,0,5
Same with Ruby,1,0,0,1
MIT AND Apache-2.0 AND OFL-1.1 AND CC0-1.0,0,0,85,85
CC Attribution Non-Commercial,2,0,0,2
Concurix,0,0,1,1
AD,1,0,0,1
SEE LICENCE IN README.md,0,0,23,23
MSI,0,0,2,2
GNU General Public License Version 2,0,0,4,4
At your own risk.,0,0,2,2
meiyou,0,0,2,2
Expat (also known as MIT),3,0,0,3
MIT see LICENSE.md for details,0,0,6,6
Research License 1.0,0,0,1,1
minitest,14,0,0,14
MIST,0,0,2,2
MPL2.0/LGPLv3,30,0,0,30
GPLv2+,110,0,57,167
GNU GPL v2.0,31,0,32,63
PayPal License,1,0,0,1
Copyright © 2015 Chloi Inc.,0,0,1,1
AnEstuary,1,0,0,1
VAX,0,0,3,3
Appcelerator Proprietary and Confidential,0,0,51,51
MIT-LICENSE,394,0,6,400
Additor License,0,0,229,229
SGI-B-2.0,0,0,4,4
PostgreSQL,3,0,9,12
GLP3,0,0,1,1
ZX,0,0,3,3
ASL-2.0,0,0,1,1
Creative Commons Attribution-ShareAlike 3.0,1,0,14,15
BTNcafe Solution License,0,0,1,1
code: MIT fonts: SIL OFL 1.1,0,0,5,5
MPL v2,1,0,67,68
Same as Ruby,3,0,0,3
MIT2.0,26,0,0,26
MPL2,23,0,104,127
WTFPL OR ISC,0,0,6,6
wtfpl (wtfpl.net),0,0,12,12
All rights reserved Stanford University.,43,0,0,43
MIT Copyright 2016 Ruslan Ledesma Garza,1,0,0,1
GPL2.0,0,0,23,23
act-func,1,0,0,1
AMI_KMITL,0,0,1,1
LEAN,1,0,0,1
MIT or GPL,0,0,1,1
ogl,3,0,0,3
Modified University of Illinois/NCSA,7,0,0,7
DBC,5,0,0,5
Chromium/Apache,0,0,1,1
GPL-2|GPL-3|MIT+ fileLICENSE,0,1,0,1
x03231,0,0,1,1
(GPL-3.0 OR MIT),0,0,19,19
MIT+BSD Dual License,0,0,22,22
no,0,0,7,7
GPL Apache,0,0,2,2
SEE LICENSE IN xml4jquery.js,0,0,3,3
LICENSE.TXT,0,0,2,2
CC-NC,0,0,4,4
CC-BY-SA 3.0,5,0,0,5
FMF,0,0,3,3
asdasd,0,0,1,1
SEE LICENSE IN LICENSE.md,0,0,3105,3105
OneFlow Master,0,0,4,4
MIT LICENSE,1,0,4,5
GPL-3+ fileLICENSE,0,22,0,22
c) Poul-Henning Kamp (BSD-2-Clause,1,0,0,1
Sitecore,0,0,4,4
BSD-212,0,0,1,1
No License,72,0,42,114
GPL Affero,0,0,1,1
GPL OR Commercial,0,0,3,3
DWTFYW,1,0,6,7
Creative Commons Zero v1.0 Universal,0,0,1,1
GPL Lv3,9,0,0,9
CC BY-NC-SA 4.0. 2015,1,0,0,1
LGPL 2.1 or later,16,0,0,16
ApacheV2,7,0,48,55
NYCDA,1,0,0,1
Nope,0,0,1,1
App Orchard,6,0,0,6
SEE LICENSE.txt,0,0,4,4
Proprietary / Closed Source,0,0,17,17
The Apache Software License Version 2.0,3,0,0,3
MTIIT,0,0,1,1
GPL-3|GPL-2,0,1,0,1
Apach-2.0,0,0,1,1
NTLong,0,0,4,4
GNU-GPLv3,0,0,1,1
Mine.,0,0,1,1
Copyright (c) 2014 FeedHenry Ltd All Rights Reserved.,0,0,435,435
WTFPL <http://www.wtfpl.net/>,0,0,3,3
Mamidwar,2,0,0,2
AVL2,0,0,1,1
Atomic Game Engine EULA,0,0,1,1
Floctory,9,0,0,9
Beer or money,0,0,11,11
SIL,0,0,3,3
GNU 3,0,0,23,23
BipCot.org,0,0,1,1
60sky,0,0,1,1
GPL v2.1,11,0,0,11
Copyright (c) CloudWalk,20,0,0,20
GPL-2.0 AND MIT,0,0,2,2
Beta access license see LICENSE.TXT,0,0,16,16
LGPLv3,522,0,763,1285
https://github.com/lujintan/filefactory/blob/master/LICENSE,0,0,6,6
CC BY-NC-SA,4,0,65,69
ANY LICENSE YOU WANT,0,0,1,1
WTFPL 2,0,0,23,23
wahaha,0,0,7,7
Python-2.0,0,0,1,1
AS IS,1,0,4,5
{$substance}ware,0,0,1,1
MPLV2,0,0,6,6
(MIT AND Apache-2.0),0,0,15,15
COIL,3,0,0,3
WTFPL (http://www.wtfpl.net/),0,0,6,6
Public Domain (CC0),59,0,0,59
GPL-2.0,1849,0,5520,7369
Botpress,0,0,1,1
CPAL 1.0,0,0,12,12
GPL3.0+,0,0,5,5
1.2,0,0,6,6
Git-Commit,0,0,1,1
beerware license,1,0,0,1
Apache License 2.0,913,42,1350,2305
ACM| fileLICENSE,0,4,0,4
CC BY ND,0,0,2,2
Apache-2.0.0,0,0,15,15
MIT/X11,8,0,1310,1318
Unlicense (see http://unlicense.org/),0,0,5,5
MPL-1.1 AND GPL-2.0 AND LGPL-2.1,0,0,1,1
AppNeta Open License Version 1.0,74,0,0,74
LICESE,0,0,8,8
MIT GPL-2.0,0,0,1,1
Do whatever you want with it.,0,0,4,4
Other/Proprietary,0,0,1,1
LGPL 3.0,13,0,182,195
ISC OR MIT OR Apache-2.0,0,0,5,5
https://github.com/decoded4620/argumints/LICENSE.TXT,0,0,13,13
NM,0,0,1,1
Apache-v2.0,1,0,81,82
laskjdf,0,0,1,1
StrongLoop,0,0,2,2
BSD Revised,0,0,1,1
Ruby ISC 2-clause BSD,2,0,0,2
http://smooch.io/terms.html,0,0,14,14
to me,0,0,1,1
BSD (3-Clause),5,0,0,5
Common Public License 1.0,0,0,4,4
MIT-like,22,0,0,22
xiaochen1101314,0,0,1,1
Apache v2,145,0,454,599
LSC,0,0,3,3
Unknow for the moment,1,0,0,1
GNU GPLv2,0,0,37,37
licenses/GPL-3.0,0,0,31,31
Manywho License Version 1.0,3,0,0,3
GPL-3.0,2617,0,19447,22064
Creative Commons MIT,0,0,14,14
Attribution-NonCommercial,0,0,3,3
0.0.3,0,0,4,4
Copyright 2016,0,0,1414,1414
DWTFYW License,0,0,5,5
Copyright BeauCoo Technologies Inc. 2013,0,0,3,3
LGPL/EPL,0,0,3,3
NGB,1,0,0,1
JLMK,0,0,1,1
ISC (http://www.isc.org/software/license),0,0,13,13
StrongLoop License Agreement,0,0,6,6
SEE LICENSE IN <LICENSE>,0,0,142,142
LGPL v3,23,0,69,92
MIT AND Apache-2.0,0,0,2,2
Takeshi Horinouchi,3,0,0,3
GNU GPL v3,9,0,122,131
Shen License and MIT License. See README.md for details.,8,0,0,8
APL v2,0,0,2,2
Artistic_2_0,1,0,0,1
Scott Fleckenstein and Tom Preston-Werner,1,0,0,1
Research Testing,0,0,36,36
GPL-2|GPL-3[expanded from: GPL (&ge; 2)],0,3494,0,3494
GNUP,0,0,17,17
GNU General Public License V3,1,0,0,1
PLUGIN_LICENSE,0,0,1,1
GNU Lesser General Public License,0,0,4,4
boonya1990-20?,0,0,1,1
RCA,0,0,3,3
Kasual Business all rights reserved.,2,0,0,2
lexhamenglishbible.com/license,0,0,1,1
CC Attribution-NonCommercial-NoDerivatives 4.0 International,2,0,0,2
licenses,2,0,0,2
CeCILL-2|GPL-2,0,1,0,1
Free for non-commercial use,0,0,9,9
(MIT OR ISC),0,0,1,1
IATA,0,0,4,4
scyan,0,0,2,2
Groupon Inc,4,0,0,4
Private Property,0,0,1,1
MIT BSD MOUSE,0,0,10,10
MIT OR Apache-2.0,20,0,0,20
General Public License,0,0,17,17
OLO,1,0,0,1
GPL-2|GPL-3[expanded from: GPL] (see fileLICENSE),0,1,0,1
CC BY-ND 4.0,0,0,8,8
www.highcharts.com/license,0,0,8,8
2013-2016,0,0,14,14
MPL GPL or LGPL,0,0,5,5
http://creativecommons.org/licenses/by/4.0/,0,0,1,1
fileLICENCE,0,1,0,1
GPL 2.0,18,0,60,78
UNSPECIFIED,3,0,0,3
OSC,0,0,3,3
Artistic-2.0,34,71,788,893
Moblor,0,0,22,22
MIT/Bitcoin/BLM,0,0,3,3
LGPL-3.0 AND MIT,0,0,6,6
PDDL-1.0,0,0,33,33
ISC / GPL / MIT,0,0,45,45
Sunil,4,0,0,4
GPL-2|GPL-3| fileLICENSE,0,1,0,1
CECILL-B,3,0,75,78
GNU Public License 2,0,0,2,2
MIT + GPL-3.0+ Dual License,0,0,6,6
MIT or LGPL (your choice),0,0,5,5
minimist,0,0,6,6
APGLv3,0,0,2,2
(GPL-3.0 or Commercial see license in license.md(,0,0,1,1
MIT License.,0,0,2,2
f,0,0,3,3
Zlib,41,0,289,330
2-clause BSD License,24,0,0,24
bSD,0,0,3,3
APACHE LICENSE 2.0,2,0,0,2
Add a license,6,0,0,6
(LGPL-2.0 OR GPL-2.0),0,0,3,3
http://mariusrunge.com/mit-licence.html,0,0,2,2
MIT/GLPv2,20,0,0,20
CC BY-NC-SA 4.0,0,20,12,32
AFL,13,0,0,13
TBWL,0,0,2,2
MIT OR GPL-3.0+,0,0,3,3
Use + Distribution on any type of projects,0,0,3,3
Bakcha Company,0,0,1,1
http://www.apache.org/licenses/LICENSE-2.0.txt,350,0,6,356
SEE LICENSE IN LICENSE.MD,0,0,14,14
AGPL-1.0,17,0,253,270
kh,0,0,1,1
bsd-3-clause,21,0,0,21
 Apache-2.0,0,0,113,113
Zlib OR MIT OR Apache-2.0,0,0,1,1
SAX-PD,0,0,18,18
MIT EPL,0,0,703,703
GNUv2,0,0,11,11
Proprietary (for now),1,0,0,1
Cornell,6,0,0,6
SimPL,0,0,1,1
LGPLv3+,61,0,5,66
MIT License. Copyright First Rally. All rights reserved.,0,0,1,1
MIT+Apache+OFL+PD,0,0,24,24
Apache 2.0/MIT Dual Licensed,0,0,1,1
Woody Guthrie free culture,1,0,0,1
BSD 3-clause License+ fileLICENSE,0,2,0,2
Public Domain. See LICENSE.md.,2,0,0,2
SIL Open Font License 1.1,0,0,3,3
Open Works License,1,0,0,1
CC-BY-ND-4.0,1,0,26,27
Do what You want,0,0,5,5
LICENSE,152,0,50,202
ALL RIGHTS RESERVED,1,0,2,3
Tingyun,12,0,0,12
LICENSE.md,0,0,14,14
Void,0,0,1,1
https://github.com/appium/appium_twine/blob/master/LICENSE,1,0,0,1
R1 API License Agreement,0,0,6,6
Licence MIT,1,0,0,1
See LICENSE.MD,0,0,3,3
GNU LGPL v3.0,4,0,4,8
2-clause BSDL,50,0,0,50
bai,0,0,1,1
http://wtfpl.org,0,0,2,2
Apache 2,872,0,3531,4403
GPL-2|GPL-3[expanded from: GNU General Public License (&ge; 2)],0,1,0,1
Apache License (== 2.0),0,29,0,29
Public Domain (see LICENSE.txt),1,0,0,1
BSD License,1,0,27,28
UB,0,0,11,11
Artistic License,1,0,4,5
ACE,4,0,0,4
RISA,0,0,3,3
Apache 0.2,0,0,36,36
Equivilent to emojidex-toolkit,3,0,0,3
Apache Licence 2.0,31,0,15,46
GPL 3,33,0,39,72
CC0,221,98,756,1075
(GPL-3.0 OR LGPL-3.0 OR MPL-2.0),0,0,4,4
FREE,0,0,10,10
Apache Version 2.0,5,0,331,336
(GPLv2 & MIT),0,0,2,2
Public-Domain,0,0,2,2
CC-BY,6,0,443,449
http://wayne-fu.blogspot.com/,0,0,2,2
MIT / CC-BY-SA 3.0,0,0,15,15
Not specified,1,0,0,1
 AGPL-3.0,0,0,8,8
(Apache-2.0 AND CC-BY-SA-4.0),0,0,11,11
Unlicence,1,0,186,187
GPL-2.0 for non-commercial,0,0,71,71
Unlicense,316,0,5559,5875
ASL v2,1,0,0,1
CC-BY-3.0,12,0,1238,1250
mit +no-false-attribs +no-advertising license,0,0,35,35
LGPL-3,852,89,16,957
AGPL-3.0+,11,0,136,147
EPL-1.0 OR BSD-3-Clause,0,0,1,1
https://github.com/lujintan/clitoolkit/blob/master/LICENSE,0,0,12,12
Big Boss Man,1,0,0,1
GNU Public License Version 3,6,0,0,6
GNU/GPLv3,133,0,0,133
GNU GPL v3 and AGPL v3,1,0,0,1
(GPL-2.0 OR LGPL-2.1 OR MPL-1.1),0,0,20,20
123456,0,0,1,1
DMF v0.1,0,0,3,3
FreeBSD|GPL-2| fileLICENSE,0,1,0,1
????,1,0,0,1
BSDL,5,0,0,5
http://creativecommons.org/licenses/by/3.0/,0,0,4,4
SEE LICENSE IN LICENSE/ FOLDER,0,0,22,22
LGPL 2.1+,0,0,4,4
MIT (templates may have different licenses),1,0,0,1
MICROSOFT SOFTWARE LICENSE,1,0,0,1
Unlimited,0,54,0,54
(MIT or Apache2),0,0,5,5
SpinalCom Free Software License Agreement,0,0,19,19
Apache License version 2.,3,0,0,3
ALv2.0,0,0,19,19
http://www.mozilla.org/MPL/2.0/index.txt,1,0,0,1
MIT/APACHE,0,0,5,5
CC-BY-NC-ND-3.0,0,0,6,6
LGPL.v3,6,0,14,20
APACHE2_0,20,0,64,84
GNU Affero GPL 3.0,0,0,1,1
Stanford University,163,0,0,163
SEE LICENCE IN LICENSE FILE,0,0,1,1
Trial,0,0,1,1
Commercial Proprietary,2,0,0,2
to rock,0,0,1,1
MCSolutions,0,0,1,1
Tencent,0,0,1,1
KnoticeLtd,3,0,0,3
Eclipse Public License version 1.0,1,0,0,1
https://github.com/CloudMade/Leaflet/blob/master/LICENSE,0,0,1,1
(WTFPL OR MIT),0,0,8,8
CC0 1.0 Universal,1,0,34,35
Public Domain <Unlicense>,0,0,6,6
martiniware,0,0,20,20
APLv2 / MIT,0,0,6,6
Fukang,1,0,0,1
na,0,0,6,6
MINT,0,0,1,1
Copyright (c) 2015 Sophicware,1,0,0,1
BSD-3-Clause-LBNL,0,0,72,72
APSL-2.0,3,0,110,113
Copyright (c) 2017 GreenSock.,2,0,0,2
Same As Ruby's,18,0,0,18
TI,2,0,0,2
{},0,0,4,4
The MIT License Copyright (c) 2013 by David Jensen,0,0,2,2
CC-0,0,0,23,23
2016-2016,0,0,124,124
LGPL-3(see fileLICENSE),0,1,0,1
http://www.lixiucheng.com,0,0,1,1
(Zlib OR MIT OR Apache-2.0),0,0,76,76
LPGL3,0,0,14,14
(MIT OR GPL),0,0,1,1
The BSD License,24,0,0,24
Secure Cloud Storage,4,0,0,4
LGPL-2.1| fileLICENSE,0,4,0,4
GitDock Oy,5,0,0,5
Use: WTFPL Contribute: Dojo CLA,0,0,9,9
(MIT OR CC-BY-NC-SA-4.0),0,0,6,6
SUV,4,0,0,4
Artistic,45,0,0,45
LGPL (&ge; 3),0,30,0,30
GPL V3.0,0,0,7,7
Mine,1,0,0,1
Creative-Commons Share-Alike Attribution License,0,0,2,2
gnu,0,0,7,7
LGPL3,131,0,70,201
WTFGPL,0,0,9,9
nginx,14,0,0,14
Apache License 2.,0,0,3,3
MI,0,0,7,7
MIT X11 License,0,0,1,1
Apache License version 2,0,0,2,2
GNU 2.0,4,0,0,4
SIL Open Font,1,0,0,1
ICS,1,0,64,65
Whatever.,2,0,0,2
GNU GPL v2 or later,2,0,0,2
TEMP,0,0,1,1
UCSD,0,0,2,2
Apache (2.0),0,0,2,2
The MIT License.,2,0,0,2
UTn,0,0,2,2
OpenSource,0,0,3,3
R2CORBA,3,0,0,3
Copyright 2013 AgileWings,18,0,0,18
BSD-2-Clauseno,0,0,3,3
BSD-2-Clause-FreeBSD,12,0,276,288
 CC BY-NC-SA 4.0,1,0,0,1
WYWTPL,0,0,3,3
ECMA,0,0,8,8
FSM,0,0,1,1
Academic Free License (AFL) v. 3.0,2,0,0,2
Beerware v42,3,0,0,3
wfzljy 2.0,0,0,1,1
MIT (ricardo.mit-license.org),0,0,51,51
hello world,0,0,1,1
IDC,6,0,6,12
https://github.com/gunjandatta/sprest/blob/master/LICENSE,0,0,107,107
No Licens,0,0,1,1
GNU LGPL,11,0,16,27
SEE LICENSE IN epl-v10,0,0,8,8
Creative Commons Attribution 3.0 Unported License,3,0,42,45
APACHEv2,0,0,6,6
Simplified BSD-3,0,0,35,35
to milk,0,0,1,1
CC BY 4.0,13,2,34,49
CHAI,0,0,1,1
QE,0,0,2,2
Copyright 2015 Peter Lyons LLC,0,0,2,2
MIT*,0,0,1,1
ligle,0,0,2,2
mixed,0,0,2,2
ACM,0,2,0,2
(LGPL),0,0,1,1
hypothetical,0,0,1,1
Apacache License 2.0,0,0,5,5
NCI,1,0,0,1
